,Unnamed: 0,SKU,InStock,NumberOrdered
0,0,42081001,17,26
1,1,42082001,24,18
2,2,42083001,17,32
3,3,42084001,19,24
4,4,42085001,14,25
5,5,42086001,14,20
6,6,42087001,20,17
7,7,42088001,24,16
8,8,42089001,28,20
9,9,42090001,19,14
10,10,42091001,16,28
11,11,42092001,25,21
12,12,42093001,13,28
13,13,42094001,16,29
14,14,42095001,9,41
15,15,42096001,17,31
16,16,42097001,16,24
17,17,42098001,18,30
18,18,42099001,15,29
19,19,42100001,25,13
20,20,42101001,15,19
21,21,42102001,24,20
22,22,42103001,26,12
23,23,42104001,13,23
24,24,42105001,16,39
25,25,42106001,20,16
26,26,42107001,24,17
27,27,42108001,25,15
28,28,42109001,18,14
29,29,42110001,24,20
30,30,42111001,19,26
31,31,42112001,25,20
32,32,42113001,16,27
33,33,42114001,10,44
34,34,42115001,25,11
35,35,42116001,19,19
36,36,42117001,25,19
37,37,42118001,11,35
38,38,42119001,14,25
39,39,42120001,24,17
40,40,42121001,14,20
41,41,42122001,21,35
42,42,42123001,14,27
43,43,42124001,21,31
44,44,42125001,27,17
45,45,42126001,18,22
46,46,42127001,29,18
47,47,42128001,20,26
48,48,42129001,18,24
49,49,42130001,21,26
50,50,42131001,31,11
51,51,42132001,20,24
52,52,42133001,18,33
53,53,42134001,17,23
54,54,42135001,22,20
55,55,42136001,25,12
56,56,42137001,20,22
57,57,42138001,15,21
58,58,42139001,17,27
59,59,42140001,16,22
60,60,42141001,16,24
61,61,42142001,24,24
62,62,42143001,22,22
63,63,42144001,7,39
64,64,42145001,21,17
65,65,42146001,24,16
66,66,42147001,16,24
67,67,42148001,25,17
68,68,42149001,31,1
69,69,42150001,24,17
70,70,42151001,32,14
71,71,42152001,33,6
72,72,42153001,29,3
73,73,42154001,29,9
74,74,42155001,24,10
75,75,42156001,26,20
76,76,42157001,21,12
77,77,42158001,18,27
78,78,42159001,20,24
79,79,42160001,21,13
80,80,42161001,26,18
81,81,42162001,10,33
82,82,42163001,17,19
83,83,42164001,13,28
84,84,42165001,10,29
85,85,42166001,17,18
86,86,42167001,16,28
87,87,42168001,14,27
88,88,42169001,19,12
89,89,42170001,20,25
90,90,42171001,29,14
91,91,42172001,16,25
92,92,42173001,18,42
93,93,42174001,20,27
94,94,42175001,9,33
95,95,42176001,21,15
96,96,42177001,13,28
97,97,42178001,17,19
98,98,42179001,20,33
99,99,42180001,29,15
100,100,42181001,19,21
101,101,42182001,23,14
102,102,42183001,23,23
103,103,42184001,11,36
104,104,42185001,20,28
105,105,42186001,21,22
106,106,42187001,21,22
107,107,42188001,20,18
108,108,42189001,8,32
109,109,42190001,21,22
110,110,42191001,4,35
111,111,42192001,19,21
112,112,42193001,27,16
113,113,42194001,17,23
114,114,42195001,22,27
115,115,42196001,19,19
116,116,42197001,25,5
117,117,42198001,24,24
118,118,42199001,12,35
119,119,42200001,18,34
120,120,42201001,19,13
121,121,42202001,16,25
122,122,42203001,14,21
123,123,42204001,27,22
124,124,42205001,18,27
125,125,42206001,12,26
126,126,42207001,27,13
127,127,42208001,25,23
128,128,42209001,12,31
129,129,42210001,14,19
130,130,42211001,16,35
131,131,42212001,21,19
132,132,42213001,15,18
133,133,42214001,20,29
134,134,42215001,24,16
135,135,42216001,22,26
136,136,42217001,22,17
137,137,42218001,15,31
138,138,42219001,18,33
139,139,42220001,17,23
140,140,42221001,19,34
141,141,42222001,9,33
142,142,42223001,24,16
143,143,42224001,18,25
144,144,42225001,18,34
145,145,42226001,14,26
146,146,42227001,21,32
147,147,42228001,29,8
148,148,42229001,24,16
149,149,42230001,19,16
150,150,42231001,19,27
151,151,42232001,28,17
152,152,42233001,12,43
153,153,42234001,21,15
154,154,42235001,19,24
155,155,42236001,13,22
156,156,42237001,14,28
157,157,42238001,14,26
158,158,42239001,16,27
159,159,42240001,8,38
160,160,42241001,25,13
161,161,42242001,18,25
162,162,42243001,26,13
163,163,42244001,25,29
164,164,42245001,20,36
165,165,42246001,24,13
166,166,42247001,25,15
167,167,42248001,21,17
168,168,42249001,23,15
169,169,42250001,12,26
170,170,42251001,24,12
171,171,42252001,23,15
172,172,42253001,19,22
173,173,42254001,11,23
174,174,42255001,17,20
175,175,42256001,24,26
176,176,42257001,26,14
177,177,42258001,24,18
178,178,42259001,16,20
179,179,42260001,27,17
180,180,42261001,15,31
181,181,42262001,25,10
182,182,42263001,7,39
183,183,42264001,26,17
184,184,42265001,25,20
185,185,42266001,-3,54
186,186,42267001,3,38
187,187,42268001,21,21
188,188,42269001,2,55
189,189,42270001,21,21
190,190,42271001,11,38
191,191,42272001,17,36
192,192,42273001,23,17
193,193,42274001,23,22
194,194,42275001,21,23
195,195,42276001,18,27
196,196,42277001,17,25
197,197,42278001,14,16
198,198,42279001,23,19
199,199,42280001,18,22
200,200,42281001,23,16
201,201,42282001,14,24
202,202,42283001,22,20
203,203,42284001,30,10
204,204,42285001,17,14
205,205,42286001,14,24
206,206,42287001,14,20
207,207,42288001,17,40
208,208,42289001,25,19
209,209,42290001,23,15
210,210,42291001,21,14
211,211,42292001,26,16
212,212,42293001,17,34
213,213,42294001,16,24
214,214,42295001,16,22
215,215,42296001,21,16
216,216,42297001,21,23
217,217,42298001,20,29
218,218,42299001,7,39
219,219,42300001,13,32
220,220,42301001,19,21
221,221,42302001,20,19
222,222,42303001,24,17
223,223,42304001,27,9
224,224,42305001,21,17
225,225,42306001,27,15
226,226,42307001,15,23
227,227,42308001,23,19
228,228,42309001,29,19
229,229,42310001,17,26
230,230,42311001,-126,220
231,231,42312001,-108,216
232,232,42313001,-130,240
233,233,42314001,-115,216
234,234,42315001,24,28
235,235,42316001,22,9
236,236,42317001,20,20
237,237,42318001,16,31
238,238,42319001,15,15
239,239,42320001,24,17
240,240,42321001,27,13
241,241,42322001,25,27
242,242,42323001,16,18
243,243,42324001,19,26
244,244,42325001,20,17
245,245,42326001,19,17
246,246,42327001,17,29
247,247,42328001,23,27
248,248,42329001,20,20
249,249,42330001,19,27
250,250,42331001,-3,66
251,251,42332001,30,12
252,252,42333001,19,28
253,253,42334001,10,43
254,254,42335001,-1,58
255,255,42336001,14,29
256,256,42337001,17,27
257,257,42338001,18,24
258,258,42339001,15,27
259,259,42340001,24,16
260,260,42341001,19,23
261,261,42342001,25,15
262,262,42343001,16,23
263,263,42344001,14,24
264,264,42345001,20,22
265,265,42346001,16,35
266,266,42347001,19,25
267,267,42348001,18,30
268,268,42349001,-3,53
269,269,42350001,-1,61
270,270,42351001,9,31
271,271,42352001,17,39
272,272,42353001,21,20
273,273,42354001,16,40
274,274,42355001,-260,416
275,275,42356001,-301,501
276,276,42357001,-291,475
277,277,42358001,-274,462
278,278,42359001,-295,489
279,279,42360001,-255,438
280,280,42361001,22,17
281,281,42362001,23,24
282,282,42363001,17,25
283,283,42364001,18,35
284,284,42365001,17,34
285,285,42366001,23,23
286,286,42367001,25,10
287,287,42368001,19,24
288,288,42369001,19,20
289,289,42370001,17,21
290,290,42371001,5,34
291,291,42372001,20,22
292,292,42373001,20,21
293,293,42374001,26,25
294,294,42375001,19,21
295,295,42376001,22,18
296,296,42377001,13,26
297,297,42378001,20,18
298,298,42379001,13,32
299,299,42380001,15,35
300,300,42381001,23,18
301,301,42382001,18,37
302,302,42383001,28,20
303,303,42384001,16,18
304,304,42385001,17,25
305,305,42386001,15,26
306,306,42387001,27,20
307,307,42388001,13,32
308,308,42389001,19,17
309,309,42390001,10,36
310,310,42391001,20,26
311,311,42392001,16,23
312,312,42393001,25,21
313,313,42394001,20,29
314,314,42395001,26,14
315,315,42396001,18,22
316,316,42397001,25,15
317,317,42398001,25,16
318,318,42399001,19,26
319,319,42400001,14,18
320,320,42401001,13,32
321,321,42402001,7,43
322,322,42403001,18,25
323,323,42404001,21,26
324,324,42405001,16,31
325,325,42406001,29,9
326,326,42407001,25,17
327,327,42408001,23,20
328,328,42409001,15,32
329,329,42410001,19,27
330,330,42411001,33,11
331,331,42412001,13,32
332,332,42413001,23,23
333,333,42414001,21,14
334,334,42415001,16,24
335,335,42416001,29,14
336,336,42417001,26,20
337,337,42418001,13,27
338,338,42419001,23,16
339,339,42420001,16,21
340,340,42421001,26,14
341,341,42422001,19,26
342,342,42423001,13,30
343,343,42424001,19,22
344,344,42425001,22,17
345,345,42426001,21,21
346,346,42427001,13,29
347,347,42428001,11,28
348,348,42429001,21,22
349,349,42430001,17,23
350,350,42431001,17,27
351,351,42432001,18,38
352,352,42433001,26,23
353,353,42434001,17,19
354,354,42435001,25,18
355,355,42436001,23,21
356,356,42437001,17,23
357,357,42438001,19,19
358,358,42439001,23,24
359,359,42440001,26,21
360,360,42441001,17,30
361,361,42442001,18,24
362,362,42443001,25,17
363,363,42444001,15,31
364,364,42445001,16,28
365,365,42446001,4,43
366,366,42447001,27,20
367,367,42448001,17,44
368,368,42449001,13,30
369,369,42450001,16,17
370,370,42451001,20,19
371,371,42452001,17,21
372,372,42453001,19,19
373,373,42454001,10,30
374,374,42455001,21,27
375,375,42456001,15,24
376,376,42457001,25,22
377,377,42458001,17,20
378,378,42459001,20,20
379,379,42460001,20,21
380,380,42461001,14,25
381,381,42462001,11,48
382,382,42463001,18,21
383,383,42464001,27,19
384,384,42465001,17,31
385,385,42466001,20,18
386,386,42467001,14,17
387,387,42468001,27,17
388,388,42469001,17,23
389,389,42470001,20,17
390,390,42471001,25,19
391,391,42472001,22,24
392,392,42473001,22,21
393,393,42474001,14,28
394,394,42475001,23,16
395,395,42476001,15,29
396,396,42477001,20,15
397,397,42478001,19,14
398,398,42479001,18,27
399,399,42480001,21,15
400,400,42481001,22,20
401,401,42482001,28,15
402,402,42483001,23,19
403,403,42484001,20,29
404,404,42485001,15,27
405,405,42486001,19,27
406,406,42487001,19,20
407,407,42488001,10,35
408,408,42489001,16,32
409,409,42490001,22,19
410,410,42491001,18,16
411,411,42492001,15,20
412,412,42493001,21,22
413,413,42494001,17,30
414,414,42495001,18,21
415,415,42496001,19,24
416,416,42497001,14,16
417,417,42498001,14,33
418,418,42499001,22,10
419,419,42500001,21,21
420,420,42501001,14,30
421,421,42502001,25,17
422,422,42503001,21,20
423,423,42504001,19,15
424,424,42505001,20,20
425,425,42506001,19,25
426,426,42507001,23,16
427,427,42508001,17,28
428,428,42509001,20,17
429,429,42510001,18,28
430,430,42511001,21,12
431,431,42512001,24,15
432,432,42513001,24,22
433,433,42514001,26,15
434,434,42515001,25,21
435,435,42516001,14,26
436,436,42517001,17,23
437,437,42518001,18,23
438,438,42519001,28,19
439,439,42520001,7,42
440,440,42521001,-3,60
441,441,42522001,1,47
442,442,42523001,-4,60
443,443,42524001,-3,58
444,444,42525001,-10,60
445,445,42526001,1,47
446,446,42527001,4,44
447,447,42528001,-11,68
448,448,42529001,1,60
449,449,42530001,18,16
450,450,42531001,20,21
451,451,42532001,19,24
452,452,42533001,18,22
453,453,42534001,24,23
454,454,42535001,26,21
455,455,42536001,20,15
456,456,42537001,14,25
457,457,42538001,26,14
458,458,42539001,21,20
459,459,42540001,20,17
460,460,42541001,16,19
461,461,42542001,17,16
462,462,42543001,10,38
463,463,42544001,28,11
464,464,42545001,32,12
465,465,42546001,23,22
466,466,42547001,22,23
467,467,42548001,27,5
468,468,42549001,20,16
469,469,42550001,14,22
470,470,42551001,19,17
471,471,42552001,21,25
472,472,42553001,19,28
473,473,42554001,12,25
474,474,42555001,25,14
475,475,42556001,24,26
476,476,42557001,26,23
477,477,42558001,15,20
478,478,42559001,30,11
479,479,42560001,23,21
480,480,42561001,15,21
481,481,42562001,-1,49
482,482,42563001,2,50
483,483,42564001,0,60
484,484,42565001,25,29
485,485,42566001,-5,47
486,486,42567001,-5,54
487,487,42568001,-7,65
488,488,42569001,12,26
489,489,42570001,-13,74
490,490,42571001,-6,60
491,491,42572001,-7,63
492,492,42573001,-10,61
493,493,42574001,-8,57
494,494,42575001,-9,67
495,495,42576001,2,56
496,496,42577001,0,40
497,497,42578001,20,12
498,498,42579001,24,19
499,499,42580001,1,51
500,500,42581001,-8,65
501,501,42582001,-1,53
502,502,42583001,1,56
503,503,42584001,9,37
504,504,42585001,30,13
505,505,42586001,19,32
506,506,42587001,17,16
507,507,42588001,15,15
508,508,42589001,15,26
509,509,42590001,29,13
510,510,42591001,16,32
511,511,42592001,17,15
512,512,42593001,12,28
513,513,42594001,21,14
514,514,42595001,19,25
515,515,42596001,28,9
516,516,42597001,20,13
517,517,42598001,18,22
518,518,42599001,30,13
519,519,42600001,29,8
520,520,42601001,30,6
521,521,42602001,28,6
522,522,42603001,29,14
523,523,42604001,22,20
524,524,42605001,24,14
525,525,42606001,36,5
526,526,42607001,27,9
527,527,42608001,28,7
528,528,42609001,32,7
529,529,42610001,24,15
530,530,42611001,24,10
531,531,42612001,28,5
532,532,42613001,28,3
533,533,42614001,29,5
534,534,42615001,33,12
535,535,42616001,28,6
536,536,42617001,30,9
537,537,42618001,33,10
538,538,42619001,27,14
539,539,42620001,27,10
540,540,42621001,32,5
541,541,42622001,26,9
542,542,42623001,21,19
543,543,42624001,18,23
544,544,42625001,22,19
545,545,42626001,23,22
546,546,42627001,15,37
547,547,42628001,14,17
548,548,42629001,23,13
549,549,42630001,18,20
550,550,42631001,17,18
551,551,42632001,21,28
552,552,42633001,28,15
553,553,42634001,23,26
554,554,42635001,29,17
555,555,42636001,22,9
556,556,42637001,25,20
557,557,42638001,16,30
558,558,42639001,17,32
559,559,42640001,19,20
560,560,42641001,10,26
561,561,42642001,21,24
562,562,42643001,31,8
563,563,42644001,19,33
564,564,42645001,19,28
565,565,42646001,19,22
566,566,42647001,17,23
567,567,42648001,10,31
568,568,42649001,23,18
569,569,42650001,23,17
570,570,42651001,17,24
571,571,42652001,20,26
572,572,42653001,14,32
573,573,42654001,15,20
574,574,42655001,13,32
575,575,42656001,25,9
576,576,42657001,8,37
577,577,42658001,12,23
578,578,42659001,20,16
579,579,42660001,21,25
580,580,42661001,14,28
581,581,42662001,18,29
582,582,42663001,21,19
583,583,42664001,22,18
584,584,42665001,14,33
585,585,42666001,20,26
586,586,42667001,20,27
587,587,42668001,9,28
588,588,42669001,26,19
589,589,42670001,11,35
590,590,42671001,2,60
591,591,42672001,29,7
592,592,42673001,18,24
593,593,42674001,16,28
594,594,42675001,19,22
595,595,42676001,21,24
596,596,42677001,16,26
597,597,42678001,15,35
598,598,42679001,23,23
599,599,42680001,12,29
600,600,42681001,23,15
601,601,42682001,20,21
602,602,42683001,30,15
603,603,42684001,21,18
604,604,42685001,24,22
605,605,42686001,18,29
606,606,42687001,12,35
607,607,42688001,24,20
608,608,42689001,21,29
609,609,42690001,26,19
610,610,42691001,18,34
611,611,42692001,27,9
612,612,42693001,23,19
613,613,42694001,21,13
614,614,42695001,17,23
615,615,42696001,23,24
616,616,42697001,18,21
617,617,42698001,30,16
618,618,42699001,29,18
619,619,42700001,20,27
620,620,42701001,26,17
621,621,42702001,11,35
622,622,42703001,21,17
623,623,42704001,14,22
624,624,42705001,19,18
625,625,42706001,22,20
626,626,42707001,25,8
627,627,42708001,22,19
628,628,42709001,6,35
629,629,42710001,14,35
630,630,42711001,19,27
631,631,42712001,19,20
632,632,42713001,22,25
633,633,42714001,26,9
634,634,42715001,13,27
635,635,42716001,24,13
636,636,42717001,10,27
637,637,42718001,27,13
638,638,42719001,30,8
639,639,42720001,16,25
640,640,42721001,19,14
641,641,42722001,20,20
642,642,42723001,14,27
643,643,42724001,28,13
644,644,42725001,18,27
645,645,42726001,24,11
646,646,42727001,28,16
647,647,42728001,21,30
648,648,42729001,23,23
649,649,42730001,23,19
650,650,42731001,19,24
651,651,42732001,19,16
652,652,42733001,16,21
653,653,42734001,28,8
654,654,42735001,13,34
655,655,42736001,25,25
656,656,42737001,18,28
657,657,42738001,18,30
658,658,42739001,14,20
659,659,42740001,19,21
660,660,42741001,25,7
661,661,42742001,20,22
662,662,42743001,19,27
663,663,42744001,26,15
664,664,42745001,18,23
665,665,42746001,22,15
666,666,42747001,15,19
667,667,42748001,26,16
668,668,42749001,28,16
669,669,42750001,18,35
670,670,42751001,17,23
671,671,42752001,19,18
672,672,42753001,13,29
673,673,42754001,18,23
674,674,42755001,17,25
675,675,42756001,28,18
676,676,42757001,15,34
677,677,42758001,23,25
678,678,42760001,10,25
679,679,42762001,19,34
680,680,42763001,21,15
681,681,42764001,29,18
682,682,42765001,15,20
683,683,42766001,26,14
684,684,42767001,19,34
685,685,42768001,17,18
686,686,42769001,16,18
687,687,42770001,11,29
688,688,42771001,26,18
689,689,42772001,20,16
690,690,42773001,22,26
691,691,42774001,25,19
692,692,42775001,28,20
693,693,42776001,23,24
694,694,42777001,17,26
695,695,42778001,-2,50
696,696,42779001,19,32
697,697,42780001,15,24
698,698,42781001,14,37
699,699,42782001,20,23
700,700,42783001,16,18
701,701,42784001,23,21
702,702,42785001,32,13
703,703,42786001,29,3
704,704,42787001,25,5
705,705,42788001,26,11
706,706,42789001,23,11
707,707,42790001,33,10
708,708,42791001,20,17
709,709,42792001,22,20
710,710,42793001,21,13
711,711,42794001,22,17
712,712,42795001,26,20
713,713,42796001,19,16
714,714,42797001,21,28
715,715,42798001,23,19
716,716,42799001,21,31
717,717,42800001,19,14
718,718,42801001,22,19
719,719,42802001,16,27
720,720,42803001,14,19
721,721,42804001,21,19
722,722,42805001,17,26
723,723,42806001,19,19
724,724,42807001,11,29
725,725,42808001,25,19
726,726,42809001,18,24
727,727,42810001,23,16
728,728,42811001,12,30
729,729,42812001,12,33
730,730,42813001,21,14
731,731,42814001,16,23
732,732,42815001,22,22
733,733,42816001,22,20
734,734,42817001,12,29
735,735,42818001,27,16
736,736,42819001,18,16
737,737,42820001,12,28
738,738,42821001,19,29
739,739,42822001,27,15
740,740,42823001,16,21
741,741,42824001,17,21
742,742,42825001,15,30
743,743,42826001,23,23
744,744,42827001,27,17
745,745,42828001,17,22
746,746,42829001,18,24
747,747,42830001,29,11
748,748,42831001,20,18
749,749,42832001,26,18
750,750,42833001,19,21
751,751,42834001,28,9
752,752,42835001,25,17
753,753,42836001,15,18
754,754,42837001,25,17
755,755,42838001,17,23
756,756,42839001,21,22
757,757,42840001,21,22
758,758,42841001,18,20
759,759,42842001,20,27
760,760,42843001,21,18
761,761,42844001,17,23
762,762,42845001,23,17
763,763,42846001,23,13
764,764,42847001,24,28
765,765,42848001,24,19
766,766,42849001,21,13
767,767,42850001,-6,51
768,768,42851001,24,14
769,769,42852001,27,19
770,770,42853001,31,9
771,771,42854001,18,23
772,772,42855001,16,29
773,773,42856001,14,24
774,774,42857001,18,17
775,775,42858001,21,26
776,776,42859001,21,11
777,777,42860001,23,18
778,778,42861001,21,15
779,779,42863001,24,18
780,780,42864001,22,30
781,781,42865001,19,27
782,782,42866001,20,22
783,783,42867001,25,14
784,784,42868001,16,29
785,785,42869001,22,20
786,786,42870001,20,15
787,787,42871001,27,19
788,788,42872001,26,21
789,789,42873001,11,39
790,790,42874001,18,28
791,791,42875001,21,26
792,792,42876001,22,15
793,793,42877001,20,28
794,794,42878001,26,17
795,795,42879001,17,26
796,796,42880001,25,25
797,797,42881001,23,27
798,798,42882001,21,18
799,799,42883001,21,25
800,800,42884001,25,15
801,801,42885001,15,35
802,802,42886001,18,25
803,803,42887001,28,18
804,804,42888001,21,16
805,805,42889001,13,25
806,806,42890001,16,20
807,807,42891001,14,27
808,808,42892001,26,18
809,809,42893001,17,17
810,810,42894001,21,17
811,811,42895001,10,28
812,812,42896001,19,27
813,813,42897001,20,24
814,814,42898001,17,26
815,815,42899001,18,26
816,816,42900001,9,36
817,817,42901001,12,26
818,818,42902001,10,41
819,819,42903001,10,40
820,820,42904001,24,20
821,821,42905001,19,33
822,822,42906001,20,19
823,823,42907001,19,17
824,824,42908001,21,25
825,825,42909001,14,31
826,826,42910001,23,18
827,827,42911001,17,32
828,828,42912001,15,22
829,829,42913001,3,36
830,830,42914001,20,26
831,831,42915001,11,29
832,832,42916001,18,24
833,833,42917001,17,21
834,834,42918001,15,35
835,835,42919001,21,21
836,836,42920001,12,22
837,837,42921001,15,26
838,838,42922001,8,25
839,839,42923001,17,31
840,840,42924001,18,27
841,841,42925001,18,27
842,842,42926001,25,18
843,843,42927001,15,32
844,844,42928001,19,26
845,845,42929001,21,20
846,846,42930001,15,24
847,847,42931001,13,26
848,848,42932001,17,29
849,849,42933001,14,24
850,850,42934001,20,17
851,851,42935001,24,19
852,852,42936001,22,29
853,853,42937001,17,18
854,854,42938001,20,35
855,855,42939001,18,25
856,856,42940001,17,23
857,857,42941001,23,15
858,858,42942001,9,37
859,859,42943001,22,14
860,860,42944001,12,31
861,861,42945001,23,22
862,862,42946001,19,27
863,863,42947001,21,19
864,864,42948001,17,19
865,865,42949001,20,24
866,866,42950001,22,21
867,867,42951001,17,21
868,868,42952001,18,25
869,869,42953001,21,31
870,870,42954001,22,22
871,871,42955001,18,22
872,872,42956001,22,14
873,873,42957001,25,23
874,874,42958001,13,27
875,875,42959001,24,21
876,876,42960001,20,28
877,877,42961001,20,24
878,878,42962001,19,25
879,879,42963001,23,21
880,880,42964001,20,25
881,881,42965001,25,15
882,882,42966001,26,21
883,883,42967001,17,24
884,884,42968001,16,25
885,885,42969001,22,23
886,886,42970001,28,14
887,887,42971001,19,17
888,888,42972001,2,40
889,889,42973001,24,18
890,890,42974001,17,18
891,891,42975001,20,33
892,892,42976001,21,20
893,893,42977001,30,20
894,894,42978001,25,20
895,895,42979001,22,13
896,896,42980001,23,16
897,897,42981001,17,20
898,898,42982001,22,31
899,899,42983001,14,32
900,900,42984001,17,27
901,901,42985001,18,29
902,902,42986001,25,14
903,903,42987001,18,26
904,904,42988001,25,20
905,905,42989001,22,20
906,906,42990001,14,21
907,907,42991001,18,24
908,908,42992001,15,23
909,909,42993001,12,33
910,910,42994001,15,28
911,911,42995001,18,29
912,912,42996001,22,19
913,913,42997001,20,24
914,914,42998001,22,21
915,915,42999001,22,21
916,916,43000001,15,26
917,917,43001001,17,14
918,918,43002001,25,19
919,919,43003001,24,18
920,920,43004001,24,18
921,921,43005001,26,14
922,922,43006001,24,17
923,923,43007001,22,15
924,924,43008001,12,28
925,925,43009001,23,17
926,926,43010001,30,7
927,927,43011001,29,5
928,928,43012001,26,9
929,929,43013001,26,16
930,930,43014001,34,5
931,931,43015001,34,6
932,932,43016001,26,3
933,933,43017001,29,8
934,934,43018001,29,9
935,935,43019001,31,5
936,936,43020001,28,13
937,937,43021001,37,2
938,938,43022001,34,9
939,939,43023001,24,15
940,940,43024001,25,15
941,941,43025001,23,8
942,942,43026001,32,5
943,943,43027001,25,12
944,944,43028001,31,9
945,945,43029001,26,12
946,946,43030001,24,10
947,947,43031001,25,6
948,948,43032001,25,6
949,949,43033001,29,11
950,950,43034001,29,7
951,951,43035001,26,6
952,952,43036001,31,13
953,953,43037001,27,20
954,954,43038001,26,8
955,955,43039001,24,13
956,956,43040001,29,3
957,957,43041001,31,8
958,958,43042001,25,16
959,959,43043001,29,10
960,960,43044001,18,26
961,961,43045001,12,40
962,962,43046001,28,11
963,963,43047001,20,36
964,964,43048001,22,27
965,965,43049001,25,16
966,966,43050001,11,25
967,967,43051001,29,6
968,968,43052001,16,31
969,969,43053001,22,18
970,970,43054001,14,20
971,971,43055001,24,18
972,972,43056001,25,20
973,973,43057001,17,33
974,974,43058001,19,16
975,975,43059001,20,24
976,976,43060001,28,22
977,977,43061001,26,15
978,978,43062001,24,20
979,979,43063001,20,23
980,980,43064001,30,10
981,981,43065001,24,24
982,982,43066001,18,21
983,983,43067001,21,19
984,984,43068001,22,18
985,985,43071001,18,26
986,986,43072001,18,18
987,987,43073001,14,33
988,988,43074001,19,19
989,989,43075001,8,30
990,990,43076001,22,26
991,991,43077001,22,21
992,992,43078001,16,20
993,993,43079001,16,20
994,994,43080001,24,11
995,995,43081001,11,34
996,996,43082001,16,21
997,997,43083001,26,26
998,998,43084001,13,29
999,999,43085001,13,30
1000,1000,43086001,27,21
1001,1001,43087001,15,20
1002,1002,43088001,21,22
1003,1003,43089001,12,29
1004,1004,43090001,22,16
1005,1005,43091001,19,33
1006,1006,43092001,10,22
1007,1007,43093001,22,18
1008,1008,43094001,22,26
1009,1009,43095001,23,26
1010,1010,43096001,16,16
1011,1011,43097001,17,34
1012,1012,43098001,12,24
1013,1013,43099001,17,33
1014,1014,43100001,17,29
1015,1015,43101001,23,25
1016,1016,43102001,22,15
1017,1017,43103001,17,12
1018,1018,43104001,29,11
1019,1019,43105001,16,19
1020,1020,43106001,20,33
1021,1021,43107001,20,26
1022,1022,43108001,24,16
1023,1023,43109001,9,28
1024,1024,43110001,23,22
1025,1025,43111001,17,36
1026,1026,43112001,18,27
1027,1027,43113001,18,27
1028,1028,43114001,10,32
1029,1029,43115001,23,22
1030,1030,43116001,20,21
1031,1031,43117001,22,29
1032,1032,43118001,13,40
1033,1033,43119001,30,12
1034,1034,43120001,26,15
1035,1035,43121001,27,15
1036,1036,43122001,15,29
1037,1037,43123001,16,26
1038,1038,43124001,25,20
1039,1039,43125001,14,30
1040,1040,43126001,17,29
1041,1041,43127001,22,21
1042,1042,43128001,7,38
1043,1043,43129001,15,22
1044,1044,43130001,21,17
1045,1045,43131001,21,23
1046,1046,43132001,21,16
1047,1047,43133001,11,34
1048,1048,43134001,24,22
1049,1049,43135001,27,10
1050,1050,43136001,16,34
1051,1051,43137001,18,23
1052,1052,43138001,25,21
1053,1053,43139001,13,26
1054,1054,43140001,18,17
1055,1055,43141001,25,17
1056,1056,43142001,10,36
1057,1057,43143001,16,22
1058,1058,43144001,21,29
1059,1059,43145001,25,20
1060,1060,43146001,17,20
1061,1061,43147001,27,17
1062,1062,43148001,25,20
1063,1063,43149001,11,37
1064,1064,43150001,22,14
1065,1065,43151001,16,24
1066,1066,43152001,22,29
1067,1067,43153001,21,23
1068,1068,43154001,17,18
1069,1069,43155001,27,19
1070,1070,43156001,21,21
1071,1071,43157001,26,19
1072,1072,43158001,23,15
1073,1073,43159001,11,37
1074,1074,43160001,14,33
1075,1075,43161001,17,18
1076,1076,43162001,21,11
1077,1077,43163001,24,23
1078,1078,43164001,14,23
1079,1079,43165001,14,21
1080,1080,43166001,23,18
1081,1081,43167001,15,28
1082,1082,43168001,19,20
1083,1083,43169001,17,23
1084,1084,43170001,24,28
1085,1085,43171001,17,13
1086,1086,43172001,19,23
1087,1087,43173001,22,17
1088,1088,43174001,12,24
1089,1089,43175001,18,29
1090,1090,43176001,24,14
1091,1091,43177001,15,33
1092,1092,43178001,14,34
1093,1093,43179001,20,13
1094,1094,43180001,26,13
1095,1095,43181001,13,26
1096,1096,43182001,17,24
1097,1097,43183001,23,18
1098,1098,43184001,21,18
1099,1099,43185001,13,32
1100,1100,43186001,21,14
1101,1101,43187001,15,25
1102,1102,43188001,18,20
1103,1103,43189001,21,22
1104,1104,43190001,19,23
1105,1105,43191001,18,30
1106,1106,43192001,17,19
1107,1107,43193001,14,28
1108,1108,43194001,18,15
1109,1109,43195001,15,27
1110,1110,43196001,20,32
1111,1111,43197001,24,28
1112,1112,43198001,19,37
1113,1113,43199001,19,31
1114,1114,43200001,15,30
1115,1115,43201001,18,31
1116,1116,43202001,15,21
1117,1117,43203001,17,16
1118,1118,43204001,21,28
1119,1119,43205001,31,12
1120,1120,43206001,21,21
1121,1121,43207001,7,33
1122,1122,43208001,22,15
1123,1123,43209001,30,4
1124,1124,43210001,34,5
1125,1125,43211001,27,10
1126,1126,43212001,25,9
1127,1127,43213001,28,12
1128,1128,43214001,33,5
1129,1129,43215001,21,15
1130,1130,43216001,25,20
1131,1131,43217001,27,19
1132,1132,43218001,27,8
1133,1133,43219001,15,25
1134,1134,43220001,16,22
1135,1135,43221001,30,10
1136,1136,43222001,13,30
1137,1137,43223001,25,10
1138,1138,43224001,21,17
1139,1139,43225001,10,32
1140,1140,43226001,28,12
1141,1141,43227001,26,15
1142,1142,43228001,21,18
1143,1143,43229001,15,33
1144,1144,43230001,14,23
1145,1145,43231001,28,21
1146,1146,43232001,25,20
1147,1147,43233001,8,34
1148,1148,43234001,18,31
1149,1149,43235001,17,24
1150,1150,43236001,20,15
1151,1151,43237001,20,25
1152,1152,43238001,13,29
1153,1153,43239001,20,21
1154,1154,43240001,15,17
1155,1155,43241001,17,11
1156,1156,43242001,15,23
1157,1157,43243001,29,14
1158,1158,43244001,16,16
1159,1159,43245001,15,32
1160,1160,43246001,20,15
1161,1161,43247001,21,6
1162,1162,43248001,24,19
1163,1163,43249001,22,15
1164,1164,43250001,14,43
1165,1165,43251001,17,20
1166,1166,43252001,18,25
1167,1167,43253001,34,10
1168,1168,43254001,29,2
1169,1169,43255001,28,9
1170,1170,43256001,25,8
1171,1171,43257001,34,2
1172,1172,43258001,24,11
1173,1173,43259001,29,6
1174,1174,43260001,32,12
1175,1175,43261001,27,12
1176,1176,43262001,33,10
1177,1177,43263001,22,10
1178,1178,43264001,30,9
1179,1179,43265001,30,2
1180,1180,43266001,34,5
1181,1181,43267001,26,7
1182,1182,43268001,26,15
1183,1183,43269001,27,13
1184,1184,43270001,33,5
1185,1185,43271001,26,4
1186,1186,43272001,33,5
1187,1187,43273001,31,10
1188,1188,43274001,25,15
1189,1189,43275001,30,8
1190,1190,43276001,24,11
1191,1191,43277001,29,14
1192,1192,43278001,32,4
1193,1193,43279001,25,13
1194,1194,43280001,23,11
1195,1195,43281001,29,9
1196,1196,43282001,22,9
1197,1197,43283001,24,20
1198,1198,43284001,26,3
1199,1199,43285001,31,12
1200,1200,43286001,32,1
1201,1201,43287001,26,7
1202,1202,43288001,31,10
1203,1203,43289001,30,11
1204,1204,43290001,28,13
1205,1205,43291001,30,7
1206,1206,43292001,27,8
1207,1207,43293001,30,11
1208,1208,43294001,34,3
1209,1209,43295001,30,15
1210,1210,43296001,21,26
1211,1211,43297001,33,3
1212,1212,43298001,23,11
1213,1213,43299001,30,7
1214,1214,43300001,30,5
1215,1215,43301001,26,7
1216,1216,43302001,26,14
1217,1217,43303001,27,7
1218,1218,43304001,30,3
1219,1219,43305001,28,7
1220,1220,43306001,27,6
1221,1221,43307001,25,8
1222,1222,43308001,29,5
1223,1223,43309001,31,4
1224,1224,43310001,30,8
1225,1225,43311001,29,13
1226,1226,43312001,29,5
1227,1227,43313001,27,4
1228,1228,43314001,31,9
1229,1229,43315001,30,11
1230,1230,43316001,33,11
1231,1231,43317001,35,6
1232,1232,43318001,31,7
1233,1233,43319001,34,11
1234,1234,43320001,22,15
1235,1235,43321001,28,14
1236,1236,43322001,28,8
1237,1237,43323001,33,8
1238,1238,43324001,33,6
1239,1239,43325001,27,8
1240,1240,43326001,29,15
1241,1241,43327001,35,3
1242,1242,43328001,25,7
1243,1243,43329001,34,6
1244,1244,43330001,28,11
1245,1245,43331001,24,8
1246,1246,43332001,25,5
1247,1247,43333001,28,7
1248,1248,43334001,31,12
1249,1249,43335001,38,1
1250,1250,43336001,30,2
1251,1251,43337001,27,9
1252,1252,43338001,27,11
1253,1253,43339001,29,7
1254,1254,43340001,24,10
1255,1255,43341001,28,9
1256,1256,43342001,28,4
1257,1257,43343001,27,5
1258,1258,43344001,33,14
1259,1259,43345001,34,5
1260,1260,43346001,25,8
1261,1261,43347001,31,8
1262,1262,43348001,27,5
1263,1263,43349001,31,9
1264,1264,43350001,32,7
1265,1265,43351001,25,7
1266,1266,43352001,22,9
1267,1267,43353001,28,7
1268,1268,43354001,32,10
1269,1269,43355001,28,5
1270,1270,43356001,29,5
1271,1271,43357001,21,17
1272,1272,43358001,29,17
1273,1273,43359001,29,5
1274,1274,43360001,27,6
1275,1275,43361001,32,10
1276,1276,43362001,28,17
1277,1277,43363001,29,11
1278,1278,43364001,30,12
1279,1279,43365001,29,3
1280,1280,43366001,25,10
1281,1281,43367001,34,3
1282,1282,43368001,29,11
1283,1283,43369001,23,15
1284,1284,43370001,30,11
1285,1285,43371001,25,7
1286,1286,43372001,34,7
1287,1287,43373001,25,13
1288,1288,43374001,35,8
1289,1289,43375001,37,4
1290,1290,43376001,30,8
1291,1291,43377001,29,10
1292,1292,43378001,31,9
1293,1293,43379001,28,11
1294,1294,43380001,30,12
1295,1295,43381001,29,0
1296,1296,43382001,19,24
1297,1297,43383001,15,24
1298,1298,43384001,19,20
1299,1299,43385001,15,31
1300,1300,43386001,19,31
1301,1301,43387001,20,34
1302,1302,43388001,13,35
1303,1303,43389001,13,31
1304,1304,43390001,17,28
1305,1305,43391001,16,30
1306,1306,43392001,21,23
1307,1307,43393001,16,19
1308,1308,43394001,18,34
1309,1309,43395001,16,26
1310,1310,43396001,17,22
1311,1311,43397001,20,18
1312,1312,43398001,11,41
1313,1313,43399001,3,44
1314,1314,43400001,16,32
1315,1315,43401001,17,19
1316,1316,43402001,9,32
1317,1317,43403001,19,23
1318,1318,43404001,17,33
1319,1319,43405001,26,14
1320,1320,43406001,11,27
1321,1321,43407001,16,32
1322,1322,43408001,19,25
1323,1323,43409001,18,27
1324,1324,43410001,21,19
1325,1325,43411001,16,32
1326,1326,43412001,23,27
1327,1327,43413001,20,23
1328,1328,43414001,20,17
1329,1329,43415001,16,24
1330,1330,43416001,19,20
1331,1331,43417001,19,27
1332,1332,43418001,28,15
1333,1333,43419001,20,25
1334,1334,43420001,26,20
1335,1335,43421001,23,21
1336,1336,43422001,20,24
1337,1337,43423001,19,27
1338,1338,43424001,14,19
1339,1339,43425001,24,17
1340,1340,43426001,17,24
1341,1341,43427001,10,32
1342,1342,43428001,17,21
1343,1343,43429001,11,26
1344,1344,43430001,14,27
1345,1345,43431001,15,34
1346,1346,43432001,20,19
1347,1347,43433001,16,34
1348,1348,43434001,23,11
1349,1349,43435001,21,21
1350,1350,43436001,20,23
1351,1351,43437001,20,32
1352,1352,43438001,25,27
1353,1353,43439001,28,17
1354,1354,43440001,24,19
1355,1355,43441001,20,17
1356,1356,43442001,22,27
1357,1357,43443001,27,12
1358,1358,43444001,23,25
1359,1359,43445001,26,21
1360,1360,43446001,20,14
1361,1361,43447001,23,17
1362,1362,43448001,12,30
1363,1363,43449001,23,26
1364,1364,43450001,14,29
1365,1365,43451001,16,26
1366,1366,43452001,25,19
1367,1367,43453001,26,19
1368,1368,43454001,17,28
1369,1369,43455001,16,21
1370,1370,43456001,17,26
1371,1371,43457001,18,25
1372,1372,43458001,22,16
1373,1373,43459001,8,28
1374,1374,43460001,13,21
1375,1375,43461001,19,26
1376,1376,43462001,8,32
1377,1377,43463001,17,20
1378,1378,43464001,14,20
1379,1379,43465001,7,32
1380,1380,43466001,16,22
1381,1381,43467001,16,32
1382,1382,43468001,13,29
1383,1383,43469001,15,16
1384,1384,43470001,11,41
1385,1385,43471001,20,19
1386,1386,43472001,20,23
1387,1387,43473001,15,33
1388,1388,43474001,15,27
1389,1389,43475001,12,19
1390,1390,43476001,17,25
1391,1391,43477001,12,25
1392,1392,43478001,19,23
1393,1393,43479001,22,21
1394,1394,43480001,14,33
1395,1395,43481001,22,22
1396,1396,43482001,27,14
1397,1397,43483001,18,22
1398,1398,43484001,21,22
1399,1399,43485001,14,28
1400,1400,43486001,24,17
1401,1401,43487001,17,27
1402,1402,43488001,14,20
1403,1403,43489001,10,26
1404,1404,43490001,19,30
1405,1405,43491001,28,12
1406,1406,43492001,14,26
1407,1407,43493001,17,19
1408,1408,43494001,17,31
1409,1409,43495001,21,17
1410,1410,43496001,30,11
1411,1411,43497001,23,22
1412,1412,43498001,19,37
1413,1413,43499001,29,17
1414,1414,43500001,26,24
1415,1415,43501001,13,26
1416,1416,43502001,21,11
1417,1417,43503001,15,34
1418,1418,43504001,23,21
1419,1419,43505001,20,28
1420,1420,43506001,15,32
1421,1421,43507001,27,17
1422,1422,43508001,17,29
1423,1423,43509001,22,23
1424,1424,43510001,21,15
1425,1425,43511001,21,19
1426,1426,43512001,22,18
1427,1427,43513001,26,20
1428,1428,43514001,12,40
1429,1429,43515001,19,25
1430,1430,43516001,27,14
1431,1431,43517001,22,25
1432,1432,43518001,21,26
1433,1433,43519001,17,21
1434,1434,43520001,16,23
1435,1435,43521001,22,17
1436,1436,43522001,23,15
1437,1437,43523001,16,15
1438,1438,43524001,11,29
1439,1439,43525001,29,10
1440,1440,43526001,-2,61
1441,1441,43527001,-6,66
1442,1442,43528001,-1,70
1443,1443,43529001,7,39
1444,1444,43530001,8,38
1445,1445,43531001,14,27
1446,1446,43532001,16,22
1447,1447,43533001,16,25
1448,1448,43534001,27,16
1449,1449,43535001,24,18
1450,1450,43536001,26,13
1451,1451,43537001,18,17
1452,1452,43538001,11,33
1453,1453,43539001,21,18
1454,1454,43540001,12,30
1455,1455,43541001,23,22
1456,1456,43542001,18,27
1457,1457,43543001,25,20
1458,1458,43544001,23,18
1459,1459,43545001,21,17
1460,1460,43546001,12,31
1461,1461,43547001,22,21
1462,1462,43548001,22,21
1463,1463,43549001,23,15
1464,1464,43550001,21,14
1465,1465,43551001,22,27
1466,1466,43552001,15,23
1467,1467,43553001,25,26
1468,1468,43554001,14,28
1469,1469,43555001,17,19
1470,1470,43556001,14,22
1471,1471,43557001,22,17
1472,1472,43558001,19,31
1473,1473,43559001,20,19
1474,1474,43560001,21,21
1475,1475,43561001,19,16
1476,1476,43562001,17,23
1477,1477,43563001,18,27
1478,1478,43564001,22,13
1479,1479,43565001,10,33
1480,1480,43566001,23,13
1481,1481,43567001,20,18
1482,1482,43568001,11,31
1483,1483,43569001,18,22
1484,1484,43570001,20,15
1485,1485,43571001,23,15
1486,1486,43572001,23,22
1487,1487,43573001,25,23
1488,1488,43574001,27,18
1489,1489,43575001,11,32
1490,1490,43576001,21,20
1491,1491,43577001,18,30
1492,1492,43578001,22,15
1493,1493,43579001,16,16
1494,1494,43580001,17,31
1495,1495,43581001,22,26
1496,1496,43582001,26,7
1497,1497,43583001,20,23
1498,1498,43584001,24,18
1499,1499,43585001,12,23
1500,1500,43586001,22,16
1501,1501,43587001,16,23
1502,1502,43588001,16,24
1503,1503,43589001,21,29
1504,1504,43590001,21,30
1505,1505,43591001,10,27
1506,1506,43592001,12,32
1507,1507,43593001,17,18
1508,1508,43594001,29,13
1509,1509,43595001,13,24
1510,1510,43596001,18,25
1511,1511,43597001,28,13
1512,1512,43598001,12,32
1513,1513,43599001,23,24
1514,1514,43600001,13,23
1515,1515,43601001,15,26
1516,1516,43602001,21,26
1517,1517,43603001,27,16
1518,1518,43604001,21,26
1519,1519,43605001,24,20
1520,1520,43606001,16,38
1521,1521,43607001,18,23
1522,1522,43608001,23,22
1523,1523,43609001,18,28
1524,1524,43610001,17,34
1525,1525,43611001,15,27
1526,1526,43612001,20,14
1527,1527,43613001,13,21
1528,1528,43614001,23,21
1529,1529,43615001,20,26
1530,1530,43616001,18,22
1531,1531,43617001,20,22
1532,1532,43618001,19,15
1533,1533,43619001,18,18
1534,1534,43620001,20,18
1535,1535,43621001,20,17
1536,1536,43622001,14,24
1537,1537,43623001,17,25
1538,1538,43624001,27,10
1539,1539,43625001,25,22
1540,1540,43626001,14,20
1541,1541,43627001,17,22
1542,1542,43628001,26,23
1543,1543,43629001,18,28
1544,1544,43630001,25,16
1545,1545,43631001,22,23
1546,1546,43632001,13,41
1547,1547,43633001,5,31
1548,1548,43634001,22,14
1549,1549,43635001,23,19
1550,1550,43636001,10,30
1551,1551,43637001,25,15
1552,1552,43638001,22,19
1553,1553,43639001,24,10
1554,1554,43640001,27,15
1555,1555,43641001,20,13
1556,1556,43642001,26,21
1557,1557,43643001,15,22
1558,1558,43644001,18,28
1559,1559,43645001,29,9
1560,1560,43646001,19,20
1561,1561,43647001,18,27
1562,1562,43648001,26,12
1563,1563,43649001,19,13
1564,1564,43650001,11,44
1565,1565,43651001,21,22
1566,1566,43652001,23,17
1567,1567,43653001,27,13
1568,1568,43654001,26,20
1569,1569,43655001,27,14
1570,1570,43656001,10,34
1571,1571,43657001,22,21
1572,1572,43658001,22,23
1573,1573,43659001,18,17
1574,1574,43660001,18,21
1575,1575,43661001,21,20
1576,1576,43662001,27,15
1577,1577,43663001,12,26
1578,1578,43664001,21,21
1579,1579,43665001,28,13
1580,1580,43666001,11,23
1581,1581,43667001,28,10
1582,1582,43668001,23,19
1583,1583,43669001,32,9
1584,1584,43670001,22,15
1585,1585,43671001,16,17
1586,1586,43672001,22,21
1587,1587,43673001,14,27
1588,1588,43674001,17,25
1589,1589,43675001,29,11
1590,1590,43676001,19,17
1591,1591,43677001,18,19
1592,1592,43678001,18,20
1593,1593,43679001,22,16
1594,1594,43680001,21,21
1595,1595,43681001,16,19
1596,1596,43682001,19,16
1597,1597,43683001,14,19
1598,1598,43684001,17,18
1599,1599,43685001,16,29
1600,1600,43686001,12,27
1601,1601,43687001,12,40
1602,1602,43688001,20,24
1603,1603,43689001,12,32
1604,1604,43690001,18,28
1605,1605,43691001,18,30
1606,1606,43692001,18,21
1607,1607,43693001,15,26
1608,1608,43694001,9,33
1609,1609,43695001,21,18
1610,1610,43696001,16,26
1611,1611,43697001,26,7
1612,1612,43698001,16,14
1613,1613,43699001,21,25
1614,1614,43700001,14,29
1615,1615,43701001,14,27
1616,1616,43702001,16,34
1617,1617,43703001,25,17
1618,1618,43704001,27,20
1619,1619,43705001,14,19
1620,1620,43706001,13,26
1621,1621,43707001,19,27
1622,1622,43708001,18,23
1623,1623,43709001,22,13
1624,1624,43710001,24,13
1625,1625,43711001,21,18
1626,1626,43712001,22,11
1627,1627,43713001,18,33
1628,1628,43714001,16,23
1629,1629,43715001,26,20
1630,1630,43716001,18,25
1631,1631,43717001,19,31
1632,1632,43718001,21,24
1633,1633,43719001,20,23
1634,1634,43720001,26,15
1635,1635,43721001,22,18
1636,1636,43722001,17,20
1637,1637,43723001,20,21
1638,1638,43724001,27,15
1639,1639,43725001,24,21
1640,1640,43726001,18,19
1641,1641,43727001,26,16
1642,1642,43728001,24,20
1643,1643,43729001,17,25
1644,1644,43730001,17,18
1645,1645,43731001,16,21
1646,1646,43732001,15,26
1647,1647,43733001,12,25
1648,1648,43734001,15,22
1649,1649,43735001,10,32
1650,1650,43736001,15,26
1651,1651,43737001,20,29
1652,1652,43738001,25,18
1653,1653,43739001,18,26
1654,1654,43740001,24,18
1655,1655,43741001,14,27
1656,1656,43742001,21,20
1657,1657,43743001,24,14
1658,1658,43744001,16,38
1659,1659,43745001,18,18
1660,1660,43746001,25,6
1661,1661,43747001,27,20
1662,1662,43748001,24,11
1663,1663,43749001,13,32
1664,1664,43750001,20,14
1665,1665,43751001,12,31
1666,1666,43752001,19,15
1667,1667,43753001,25,13
1668,1668,43754001,25,16
1669,1669,43755001,21,11
1670,1670,43756001,15,34
1671,1671,43757001,20,14
1672,1672,43758001,17,27
1673,1673,43759001,30,13
1674,1674,43760001,23,22
1675,1675,43761001,27,20
1676,1676,43762001,12,30
1677,1677,43763001,15,29
1678,1678,43764001,21,26
1679,1679,43765001,19,22
1680,1680,43766001,16,29
1681,1681,43767001,22,15
1682,1682,43768001,14,37
1683,1683,43769001,12,20
1684,1684,43770001,21,27
1685,1685,43771001,17,21
1686,1686,43772001,28,13
1687,1687,43773001,27,14
1688,1688,43774001,25,20
1689,1689,43775001,23,10
1690,1690,43776001,24,20
1691,1691,43777001,21,24
1692,1692,43778001,10,30
1693,1693,43779001,16,30
1694,1694,43780001,20,24
1695,1695,43781001,16,31
1696,1696,43782001,31,10
1697,1697,43783001,16,23
1698,1698,43784001,21,30
1699,1699,43785001,16,27
1700,1700,43786001,25,15
1701,1701,43787001,23,26
1702,1702,43788001,19,23
1703,1703,43789001,19,18
1704,1704,43790001,12,28
1705,1705,43791001,20,16
1706,1706,43792001,22,26
1707,1707,43793001,19,19
1708,1708,43794001,22,22
1709,1709,43795001,19,25
1710,1710,43796001,29,17
1711,1711,43797001,26,19
1712,1712,43798001,15,29
1713,1713,43799001,17,19
1714,1714,43800001,15,19
1715,1715,43801001,15,20
1716,1716,43802001,7,45
1717,1717,43803001,24,14
1718,1718,43804001,24,17
1719,1719,43805001,27,19
1720,1720,43806001,27,14
1721,1721,43807001,26,16
1722,1722,43808001,17,32
1723,1723,43809001,24,16
1724,1724,43810001,14,26
1725,1725,43811001,20,20
1726,1726,43812001,17,26
1727,1727,43813001,21,28
1728,1728,43814001,15,29
1729,1729,43815001,17,27
1730,1730,43816001,18,16
1731,1731,43817001,26,17
1732,1732,43818001,22,13
1733,1733,43819001,23,20
1734,1734,43820001,22,19
1735,1735,43821001,26,13
1736,1736,43822001,13,26
1737,1737,43823001,22,15
1738,1738,43824001,16,35
1739,1739,43825001,22,23
1740,1740,43826001,22,23
1741,1741,43827001,24,21
1742,1742,43828001,27,17
1743,1743,43829001,15,20
1744,1744,43830001,20,16
1745,1745,43831001,19,13
1746,1746,43832001,22,19
1747,1747,43833001,17,25
1748,1748,43834001,17,21
1749,1749,43835001,22,19
1750,1750,43836001,22,25
1751,1751,43837001,23,19
1752,1752,43838001,9,36
1753,1753,43839001,17,24
1754,1754,43840001,19,15
1755,1755,43841001,25,19
1756,1756,43842001,18,21
1757,1757,43843001,23,17
1758,1758,43844001,24,12
1759,1759,43845001,28,14
1760,1760,43846001,23,27
1761,1761,43847001,21,13
1762,1762,43848001,23,19
1763,1763,43849001,14,32
1764,1764,43850001,17,30
1765,1765,43851001,21,17
1766,1766,43852001,17,24
1767,1767,43853001,22,26
1768,1768,43854001,20,21
1769,1769,43855001,19,38
1770,1770,43856001,18,23
1771,1771,43857001,12,31
1772,1772,43858001,21,22
1773,1773,43859001,31,13
1774,1774,43860001,22,21
1775,1775,43861001,20,21
1776,1776,43862001,22,21
1777,1777,43863001,16,26
1778,1778,43864001,19,14
1779,1779,43865001,17,22
1780,1780,43866001,16,20
1781,1781,43867001,20,25
1782,1782,43868001,16,26
1783,1783,43869001,25,9
1784,1784,43870001,14,31
1785,1785,43871001,18,27
1786,1786,43872001,20,26
1787,1787,43873001,16,20
1788,1788,43874001,25,21
1789,1789,43875001,18,20
1790,1790,43876001,18,23
1791,1791,43877001,22,18
1792,1792,43878001,27,17
1793,1793,43879001,16,30
1794,1794,43880001,18,28
1795,1795,43881001,24,23
1796,1796,43882001,24,23
1797,1797,43883001,31,12
1798,1798,43884001,20,21
1799,1799,43885001,20,23
1800,1800,43886001,29,11
1801,1801,43887001,22,12
1802,1802,43888001,26,22
1803,1803,43889001,21,22
1804,1804,43890001,16,22
1805,1805,43891001,27,16
1806,1806,43892001,20,11
1807,1807,43893001,15,22
1808,1808,43894001,10,30
1809,1809,43895001,20,20
1810,1810,43896001,8,34
1811,1811,43897001,18,26
1812,1812,43898001,22,12
1813,1813,43899001,28,16
1814,1814,43900001,20,25
1815,1815,43901001,25,22
1816,1816,43902001,18,27
1817,1817,43903001,30,13
1818,1818,43904001,26,12
1819,1819,43905001,18,25
1820,1820,43906001,16,26
1821,1821,43907001,21,24
1822,1822,43908001,29,15
1823,1823,43909001,19,26
1824,1824,43910001,30,15
1825,1825,43911001,15,27
1826,1826,43912001,22,19
1827,1827,43913001,22,22
1828,1828,43914001,23,14
1829,1829,43915001,10,32
1830,1830,43916001,19,32
1831,1831,43917001,18,22
1832,1832,43918001,16,32
1833,1833,43919001,20,13
1834,1834,43920001,16,21
1835,1835,43921001,16,20
1836,1836,43922001,13,17
1837,1837,43923001,18,19
1838,1838,43924001,14,30
1839,1839,43925001,18,16
1840,1840,43926001,18,24
1841,1841,43927001,19,27
1842,1842,43928001,10,32
1843,1843,43929001,20,18
1844,1844,43930001,19,23
1845,1845,43931001,19,20
1846,1846,43932001,17,26
1847,1847,43933001,19,27
1848,1848,43934001,22,28
1849,1849,43935001,25,17
1850,1850,43936001,29,21
1851,1851,43937001,13,27
1852,1852,43938001,26,8
1853,1853,43939001,23,16
1854,1854,43940001,23,17
1855,1855,43941001,11,24
1856,1856,43942001,18,28
1857,1857,43943001,28,13
1858,1858,43944001,25,14
1859,1859,43945001,26,19
1860,1860,43946001,15,38
1861,1861,43947001,20,27
1862,1862,43948001,27,17
1863,1863,43949001,20,23
1864,1864,43950001,21,16
1865,1865,43951001,22,29
1866,1866,43952001,23,17
1867,1867,43953001,26,20
1868,1868,43954001,9,27
1869,1869,43955001,20,30
1870,1870,43956001,8,33
1871,1871,43957001,24,21
1872,1872,43958001,19,23
1873,1873,43959001,23,11
1874,1874,43960001,15,28
1875,1875,43961001,26,12
1876,1876,43962001,21,21
1877,1877,43963001,23,23
1878,1878,43964001,20,17
1879,1879,43965001,25,12
1880,1880,43966001,22,17
1881,1881,43967001,23,25
1882,1882,43968001,21,16
1883,1883,43969001,19,14
1884,1884,43970001,17,22
1885,1885,43971001,19,25
1886,1886,43972001,13,31
1887,1887,43973001,21,25
1888,1888,43974001,31,11
1889,1889,43975001,16,20
1890,1890,43976001,20,23
1891,1891,43977001,22,21
1892,1892,43978001,18,13
1893,1893,43979001,21,15
1894,1894,43980001,20,33
1895,1895,43981001,24,21
1896,1896,43982001,20,20
1897,1897,43983001,29,11
1898,1898,43984001,18,24
1899,1899,43985001,19,22
1900,1900,43986001,27,11
1901,1901,43987001,21,24
1902,1902,43988001,21,27
1903,1903,43989001,14,35
1904,1904,43990001,15,25
1905,1905,43991001,18,27
1906,1906,43992001,22,31
1907,1907,43993001,25,19
1908,1908,43994001,13,41
1909,1909,43995001,16,24
1910,1910,43996001,18,23
1911,1911,43997001,12,33
1912,1912,43998001,17,18
1913,1913,43999001,21,26
1914,1914,44000001,19,26
1915,1915,44001001,17,24
1916,1916,44002001,22,19
1917,1917,44003001,18,13
1918,1918,44004001,28,17
1919,1919,44005001,14,32
1920,1920,44006001,21,25
1921,1921,44007001,21,16
1922,1922,44008001,22,23
1923,1923,44009001,21,16
1924,1924,44010001,23,13
1925,1925,44011001,25,14
1926,1926,44012001,3,37
1927,1927,44013001,13,39
1928,1928,44014001,33,10
1929,1929,44015001,29,3
1930,1930,44016001,24,10
1931,1931,44017001,30,7
1932,1932,44018001,33,7
1933,1933,44019001,26,9
1934,1934,44020001,33,7
1935,1935,44021001,37,2
1936,1936,44022001,31,6
1937,1937,44023001,30,8
1938,1938,44024001,31,10
1939,1939,44025001,29,4
1940,1940,44026001,33,7
1941,1941,44027001,34,9
1942,1942,44028001,29,1
1943,1943,44029001,28,13
1944,1944,44030001,31,10
1945,1945,44031001,31,5
1946,1946,44032001,34,7
1947,1947,44033001,31,6
1948,1948,44034001,32,7
1949,1949,44035001,35,4
1950,1950,44036001,19,13
1951,1951,44037001,29,14
1952,1952,44038001,33,11
1953,1953,44039001,36,4
1954,1954,44040001,34,3
1955,1955,44041001,30,10
1956,1956,44042001,23,17
1957,1957,44043001,28,16
1958,1958,44044001,36,6
1959,1959,44045001,36,5
1960,1960,44046001,34,9
1961,1961,44047001,8,37
1962,1962,44048001,18,24
1963,1963,44049001,18,14
1964,1964,44050001,29,16
1965,1965,44051001,21,19
1966,1966,44052001,23,17
1967,1967,44053001,24,20
1968,1968,44054001,20,25
1969,1969,44055001,15,25
1970,1970,44056001,28,13
1971,1971,44057001,19,31
1972,1972,44058001,15,31
1973,1973,44059001,15,21
1974,1974,44060001,18,15
1975,1975,44061001,15,27
1976,1976,44062001,26,16
1977,1977,44063001,19,30
1978,1978,44064001,22,15
1979,1979,44065001,16,20
1980,1980,44066001,26,14
1981,1981,44067001,23,13
1982,1982,44068001,30,11
1983,1983,44069001,15,26
1984,1984,44070001,23,25
1985,1985,44071001,18,29
1986,1986,44072001,27,18
1987,1987,44073001,24,24
1988,1988,44074001,19,28
1989,1989,44075001,17,17
1990,1990,44076001,25,27
1991,1991,44077001,15,43
1992,1992,44078001,19,28
1993,1993,44079001,11,33
1994,1994,44080001,23,20
1995,1995,44081001,17,28
1996,1996,44082001,26,14
1997,1997,44083001,9,35
1998,1998,44084001,22,20
1999,1999,44085001,19,27
2000,2000,44086001,19,20
2001,2001,44087001,18,28
2002,2002,44088001,15,25
2003,2003,44089001,22,18
2004,2004,44090001,27,16
2005,2005,44091001,17,27
2006,2006,44092001,20,23
2007,2007,44093001,18,27
2008,2008,44094001,22,21
2009,2009,44095001,19,24
2010,2010,44096001,18,28
2011,2011,44097001,28,13
2012,2012,44098001,21,16
2013,2013,44099001,20,16
2014,2014,44100001,21,23
2015,2015,44101001,27,16
2016,2016,44102001,18,23
2017,2017,44103001,17,32
2018,2018,44104001,33,7
2019,2019,44105001,19,26
2020,2020,44106001,21,30
2021,2021,44107001,23,13
2022,2022,44108001,13,32
2023,2023,44109001,25,12
2024,2024,44110001,16,22
2025,2025,44111001,26,20
2026,2026,44112001,21,17
2027,2027,44113001,18,18
2028,2028,44114001,27,13
2029,2029,44115001,14,29
2030,2030,44116001,19,20
2031,2031,44117001,24,16
2032,2032,44118001,19,37
2033,2033,44119001,18,23
2034,2034,44120001,16,31
2035,2035,44121001,25,14
2036,2036,44122001,5,50
2037,2037,44123001,-2,61
2038,2038,44124001,-13,67
2039,2039,44125001,3,57
2040,2040,44126001,18,28
2041,2041,44127001,10,26
2042,2042,44128001,15,36
2043,2043,44129001,24,20
2044,2044,44130001,4,35
2045,2045,44131001,13,23
2046,2046,44132001,23,19
2047,2047,44133001,19,18
2048,2048,44134001,18,31
2049,2049,44135001,16,31
2050,2050,44136001,19,16
2051,2051,44137001,21,16
2052,2052,44138001,21,20
2053,2053,44139001,26,20
2054,2054,44140001,14,26
2055,2055,44141001,20,20
2056,2056,44142001,20,17
2057,2057,44143001,23,15
2058,2058,44144001,21,26
2059,2059,44145001,29,7
2060,2060,44146001,25,23
2061,2061,44147001,20,14
2062,2062,44148001,26,8
2063,2063,44149001,17,29
2064,2064,44150001,19,19
2065,2065,44151001,23,18
2066,2066,44152001,19,23
2067,2067,44153001,26,15
2068,2068,44154001,15,29
2069,2069,44155001,13,31
2070,2070,44156001,22,25
2071,2071,44157001,19,21
2072,2072,44158001,16,22
2073,2073,44159001,16,30
2074,2074,44160001,15,32
