,Unnamed: 0,SKU,InStock,NumberOrdered
0,0,42081001,24,18
1,1,42082001,14,26
2,2,42083001,14,22
3,3,42084001,17,33
4,4,42085001,21,23
5,5,42086001,19,26
6,6,42087001,15,28
7,7,42088001,28,18
8,8,42089001,17,28
9,9,42090001,26,20
10,10,42091001,18,30
11,11,42092001,19,20
12,12,42093001,8,32
13,13,42094001,13,33
14,14,42095001,16,26
15,15,42096001,21,26
16,16,42097001,21,27
17,17,42098001,22,26
18,18,42099001,11,41
19,19,42100001,19,24
20,20,42101001,27,14
21,21,42102001,21,17
22,22,42103001,12,24
23,23,42104001,24,16
24,24,42105001,16,29
25,25,42106001,20,18
26,26,42107001,22,14
27,27,42108001,13,39
28,28,42109001,14,22
29,29,42110001,16,31
30,30,42111001,19,31
31,31,42112001,7,45
32,32,42113001,19,24
33,33,42114001,18,20
34,34,42115001,23,20
35,35,42116001,19,26
36,36,42117001,17,24
37,37,42118001,17,26
38,38,42119001,16,19
39,39,42120001,20,28
40,40,42121001,20,26
41,41,42122001,25,6
42,42,42123001,19,28
43,43,42124001,27,14
44,44,42125001,16,23
45,45,42126001,13,32
46,46,42127001,15,21
47,47,42128001,27,23
48,48,42129001,14,38
49,49,42130001,21,16
50,50,42131001,21,28
51,51,42132001,23,12
52,52,42133001,10,35
53,53,42134001,12,32
54,54,42135001,17,24
55,55,42136001,18,27
56,56,42137001,26,19
57,57,42138001,21,14
58,58,42139001,22,19
59,59,42140001,24,17
60,60,42141001,14,30
61,61,42142001,23,22
62,62,42143001,15,24
63,63,42144001,19,24
64,64,42145001,26,21
65,65,42146001,18,24
66,66,42147001,19,17
67,67,42148001,16,15
68,68,42149001,28,7
69,69,42150001,28,12
70,70,42151001,33,3
71,71,42152001,26,7
72,72,42153001,30,7
73,73,42154001,27,12
74,74,42155001,26,12
75,75,42156001,19,29
76,76,42157001,13,24
77,77,42158001,20,20
78,78,42159001,29,8
79,79,42160001,19,30
80,80,42161001,18,34
81,81,42162001,15,34
82,82,42163001,15,34
83,83,42164001,12,34
84,84,42165001,15,27
85,85,42166001,14,29
86,86,42167001,23,14
87,87,42168001,24,13
88,88,42169001,16,47
89,89,42170001,14,28
90,90,42171001,18,21
91,91,42172001,17,23
92,92,42173001,20,13
93,93,42174001,22,23
94,94,42175001,21,14
95,95,42176001,17,17
96,96,42177001,21,28
97,97,42178001,16,19
98,98,42179001,29,19
99,99,42180001,30,17
100,100,42181001,21,20
101,101,42182001,17,22
102,102,42183001,22,23
103,103,42184001,20,13
104,104,42185001,16,26
105,105,42186001,22,16
106,106,42187001,17,18
107,107,42188001,10,34
108,108,42189001,14,28
109,109,42190001,11,38
110,110,42191001,22,18
111,111,42192001,23,24
112,112,42193001,25,20
113,113,42194001,16,18
114,114,42195001,12,31
115,115,42196001,14,21
116,116,42197001,23,32
117,117,42198001,14,39
118,118,42199001,14,28
119,119,42200001,20,20
120,120,42201001,10,30
121,121,42202001,27,20
122,122,42203001,16,30
123,123,42204001,27,17
124,124,42205001,15,18
125,125,42206001,24,20
126,126,42207001,25,22
127,127,42208001,12,24
128,128,42209001,18,31
129,129,42210001,23,12
130,130,42211001,20,16
131,131,42212001,20,17
132,132,42213001,13,25
133,133,42214001,11,32
134,134,42215001,16,25
135,135,42216001,24,22
136,136,42217001,22,18
137,137,42218001,15,21
138,138,42219001,20,22
139,139,42220001,27,18
140,140,42221001,24,6
141,141,42222001,24,23
142,142,42223001,16,25
143,143,42224001,17,25
144,144,42225001,28,16
145,145,42226001,26,19
146,146,42227001,26,15
147,147,42228001,19,25
148,148,42229001,11,31
149,149,42230001,17,29
150,150,42231001,12,24
151,151,42232001,24,22
152,152,42233001,18,28
153,153,42234001,13,26
154,154,42235001,19,23
155,155,42236001,17,35
156,156,42237001,22,23
157,157,42238001,22,22
158,158,42239001,29,15
159,159,42240001,26,18
160,160,42241001,25,18
161,161,42242001,27,11
162,162,42243001,25,20
163,163,42244001,16,28
164,164,42245001,27,15
165,165,42246001,25,19
166,166,42247001,12,32
167,167,42248001,24,16
168,168,42249001,27,16
169,169,42250001,21,22
170,170,42251001,14,27
171,171,42252001,22,19
172,172,42253001,28,20
173,173,42254001,16,31
174,174,42255001,23,23
175,175,42256001,16,22
176,176,42257001,21,25
177,177,42258001,13,35
178,178,42259001,16,30
179,179,42260001,25,22
180,180,42261001,22,20
181,181,42262001,15,18
182,182,42263001,23,14
183,183,42264001,23,22
184,184,42265001,20,28
185,185,42266001,-10,63
186,186,42267001,-2,56
187,187,42268001,14,26
188,188,42269001,-1,59
189,189,42270001,15,19
190,190,42271001,19,23
191,191,42272001,16,23
192,192,42273001,16,23
193,193,42274001,22,11
194,194,42275001,22,24
195,195,42276001,19,19
196,196,42277001,29,14
197,197,42278001,20,19
198,198,42279001,18,25
199,199,42280001,26,15
200,200,42281001,24,20
201,201,42282001,19,19
202,202,42283001,13,24
203,203,42284001,16,24
204,204,42285001,10,34
205,205,42286001,13,30
206,206,42287001,18,39
207,207,42288001,14,26
208,208,42289001,11,37
209,209,42290001,15,18
210,210,42291001,13,22
211,211,42292001,23,19
212,212,42293001,21,15
213,213,42294001,22,32
214,214,42295001,17,30
215,215,42296001,15,35
216,216,42297001,26,13
217,217,42298001,28,18
218,218,42299001,21,19
219,219,42300001,13,28
220,220,42301001,18,27
221,221,42302001,17,17
222,222,42303001,13,26
223,223,42304001,18,26
224,224,42305001,20,22
225,225,42306001,13,43
226,226,42307001,24,18
227,227,42308001,7,35
228,228,42309001,21,9
229,229,42310001,21,19
230,230,42311001,-137,264
231,231,42312001,-100,199
232,232,42313001,-147,266
233,233,42314001,-107,212
234,234,42315001,27,11
235,235,42316001,19,30
236,236,42317001,12,24
237,237,42318001,18,24
238,238,42319001,24,18
239,239,42320001,11,29
240,240,42321001,18,25
241,241,42322001,23,20
242,242,42323001,16,23
243,243,42324001,26,16
244,244,42325001,22,16
245,245,42326001,20,14
246,246,42327001,24,23
247,247,42328001,22,17
248,248,42329001,20,20
249,249,42330001,12,27
250,250,42331001,-1,53
251,251,42332001,25,14
252,252,42333001,15,30
253,253,42334001,-13,86
254,254,42335001,9,46
255,255,42336001,15,29
256,256,42337001,27,14
257,257,42338001,12,23
258,258,42339001,23,10
259,259,42340001,23,17
260,260,42341001,27,14
261,261,42342001,19,30
262,262,42343001,18,27
263,263,42344001,22,22
264,264,42345001,21,22
265,265,42346001,13,34
266,266,42347001,13,27
267,267,42348001,10,30
268,268,42349001,7,47
269,269,42350001,1,48
270,270,42351001,20,17
271,271,42352001,14,23
272,272,42353001,19,27
273,273,42354001,18,24
274,274,42355001,-284,467
275,275,42356001,-243,404
276,276,42357001,-296,509
277,277,42358001,-264,454
278,278,42359001,-281,472
279,279,42360001,-268,451
280,280,42361001,20,22
281,281,42362001,15,26
282,282,42363001,22,20
283,283,42364001,14,35
284,284,42365001,22,17
285,285,42366001,25,15
286,286,42367001,18,22
287,287,42368001,20,33
288,288,42369001,18,26
289,289,42370001,15,25
290,290,42371001,18,26
291,291,42372001,26,12
292,292,42373001,18,18
293,293,42374001,29,18
294,294,42375001,14,26
295,295,42376001,17,17
296,296,42377001,13,30
297,297,42378001,21,20
298,298,42379001,24,16
299,299,42380001,16,30
300,300,42381001,26,21
301,301,42382001,21,18
302,302,42383001,22,22
303,303,42384001,25,17
304,304,42385001,15,23
305,305,42386001,18,24
306,306,42387001,21,21
307,307,42388001,24,13
308,308,42389001,21,25
309,309,42390001,22,25
310,310,42391001,12,32
311,311,42392001,20,20
312,312,42393001,21,15
313,313,42394001,18,33
314,314,42395001,17,19
315,315,42396001,13,48
316,316,42397001,23,29
317,317,42398001,19,20
318,318,42399001,18,30
319,319,42400001,20,16
320,320,42401001,18,19
321,321,42402001,26,11
322,322,42403001,23,13
323,323,42404001,14,26
324,324,42405001,22,29
325,325,42406001,20,24
326,326,42407001,14,23
327,327,42408001,13,41
328,328,42409001,16,30
329,329,42410001,9,36
330,330,42411001,21,28
331,331,42412001,26,14
332,332,42413001,18,18
333,333,42414001,26,14
334,334,42415001,19,21
335,335,42416001,28,15
336,336,42417001,14,21
337,337,42418001,16,32
338,338,42419001,19,23
339,339,42420001,17,25
340,340,42421001,17,28
341,341,42422001,17,23
342,342,42423001,21,21
343,343,42424001,19,27
344,344,42425001,20,15
345,345,42426001,17,31
346,346,42427001,21,24
347,347,42428001,19,24
348,348,42429001,23,21
349,349,42430001,24,10
350,350,42431001,25,23
351,351,42432001,19,23
352,352,42433001,19,25
353,353,42434001,25,11
354,354,42435001,15,19
355,355,42436001,19,29
356,356,42437001,21,31
357,357,42438001,17,19
358,358,42439001,22,25
359,359,42440001,20,25
360,360,42441001,17,23
361,361,42442001,19,30
362,362,42443001,13,23
363,363,42444001,10,29
364,364,42445001,27,13
365,365,42446001,15,18
366,366,42447001,11,27
367,367,42448001,4,37
368,368,42449001,9,32
369,369,42450001,17,31
370,370,42451001,17,32
371,371,42452001,7,37
372,372,42453001,17,25
373,373,42454001,22,21
374,374,42455001,12,31
375,375,42456001,16,24
376,376,42457001,23,21
377,377,42458001,18,18
378,378,42459001,26,14
379,379,42460001,15,30
380,380,42461001,16,31
381,381,42462001,25,20
382,382,42463001,23,24
383,383,42464001,23,18
384,384,42465001,20,17
385,385,42466001,16,29
386,386,42467001,28,15
387,387,42468001,16,23
388,388,42469001,17,24
389,389,42470001,23,14
390,390,42471001,27,23
391,391,42472001,25,18
392,392,42473001,17,25
393,393,42474001,21,34
394,394,42475001,17,21
395,395,42476001,15,25
396,396,42477001,13,33
397,397,42478001,14,31
398,398,42479001,28,21
399,399,42480001,22,25
400,400,42481001,20,17
401,401,42482001,20,12
402,402,42483001,8,30
403,403,42484001,24,14
404,404,42485001,29,16
405,405,42486001,21,29
406,406,42487001,16,30
407,407,42488001,21,14
408,408,42489001,24,21
409,409,42490001,17,27
410,410,42491001,21,37
411,411,42492001,13,29
412,412,42493001,13,29
413,413,42494001,18,19
414,414,42495001,19,17
415,415,42496001,20,30
416,416,42497001,26,16
417,417,42498001,25,21
418,418,42499001,17,34
419,419,42500001,20,21
420,420,42501001,27,16
421,421,42502001,26,15
422,422,42503001,17,23
423,423,42504001,17,28
424,424,42505001,13,27
425,425,42506001,19,21
426,426,42507001,22,22
427,427,42508001,23,20
428,428,42509001,16,23
429,429,42510001,24,21
430,430,42511001,22,19
431,431,42512001,17,31
432,432,42513001,25,25
433,433,42514001,18,25
434,434,42515001,20,23
435,435,42516001,21,31
436,436,42517001,15,25
437,437,42518001,29,9
438,438,42519001,23,19
439,439,42520001,-11,58
440,440,42521001,10,29
441,441,42522001,-5,54
442,442,42523001,-2,57
443,443,42524001,-3,55
444,444,42525001,1,40
445,445,42526001,0,58
446,446,42527001,-4,61
447,447,42528001,4,54
448,448,42529001,10,39
449,449,42530001,20,30
450,450,42531001,18,31
451,451,42532001,21,21
452,452,42533001,28,16
453,453,42534001,15,30
454,454,42535001,25,21
455,455,42536001,16,18
456,456,42537001,17,35
457,457,42538001,17,27
458,458,42539001,14,25
459,459,42540001,17,16
460,460,42541001,16,19
461,461,42542001,28,13
462,462,42543001,24,25
463,463,42544001,23,20
464,464,42545001,20,13
465,465,42546001,14,36
466,466,42547001,16,23
467,467,42548001,13,28
468,468,42549001,15,29
469,469,42550001,21,26
470,470,42551001,22,29
471,471,42552001,22,16
472,472,42553001,25,21
473,473,42554001,22,24
474,474,42555001,21,16
475,475,42556001,20,37
476,476,42557001,15,31
477,477,42558001,24,22
478,478,42559001,20,22
479,479,42560001,18,23
480,480,42561001,20,24
481,481,42562001,-8,60
482,482,42563001,6,38
483,483,42564001,-1,48
484,484,42565001,19,16
485,485,42566001,0,50
486,486,42567001,8,33
487,487,42568001,11,37
488,488,42569001,14,28
489,489,42570001,3,45
490,490,42571001,-7,63
491,491,42572001,-8,52
492,492,42573001,-8,62
493,493,42574001,1,61
494,494,42575001,-12,71
495,495,42576001,-8,57
496,496,42577001,-3,50
497,497,42578001,18,31
498,498,42579001,12,24
499,499,42580001,-1,56
500,500,42581001,0,46
501,501,42582001,2,42
502,502,42583001,5,43
503,503,42584001,-8,52
504,504,42585001,24,15
505,505,42586001,16,26
506,506,42587001,20,18
507,507,42588001,25,22
508,508,42589001,28,9
509,509,42590001,23,18
510,510,42591001,17,23
511,511,42592001,21,20
512,512,42593001,17,22
513,513,42594001,18,17
514,514,42595001,19,20
515,515,42596001,11,35
516,516,42597001,25,12
517,517,42598001,19,27
518,518,42599001,32,13
519,519,42600001,28,5
520,520,42601001,30,6
521,521,42602001,28,16
522,522,42603001,27,6
523,523,42604001,31,10
524,524,42605001,21,16
525,525,42606001,33,4
526,526,42607001,32,12
527,527,42608001,21,11
528,528,42609001,29,8
529,529,42610001,24,13
530,530,42611001,32,9
531,531,42612001,24,10
532,532,42613001,26,5
533,533,42614001,35,6
534,534,42615001,29,12
535,535,42616001,34,10
536,536,42617001,31,7
537,537,42618001,29,11
538,538,42619001,33,5
539,539,42620001,30,6
540,540,42621001,25,9
541,541,42622001,17,22
542,542,42623001,24,9
543,543,42624001,8,37
544,544,42625001,12,27
545,545,42626001,22,18
546,546,42627001,20,15
547,547,42628001,10,25
548,548,42629001,17,24
549,549,42630001,20,25
550,550,42631001,22,14
551,551,42632001,17,24
552,552,42633001,15,32
553,553,42634001,26,21
554,554,42635001,8,33
555,555,42636001,19,14
556,556,42637001,21,25
557,557,42638001,23,26
558,558,42639001,13,34
559,559,42640001,31,12
560,560,42641001,18,12
561,561,42642001,20,27
562,562,42643001,25,21
563,563,42644001,15,16
564,564,42645001,29,16
565,565,42646001,22,21
566,566,42647001,20,22
567,567,42648001,27,22
568,568,42649001,26,15
569,569,42650001,16,21
570,570,42651001,15,25
571,571,42652001,20,19
572,572,42653001,3,33
573,573,42654001,22,17
574,574,42655001,17,29
575,575,42656001,18,25
576,576,42657001,17,20
577,577,42658001,23,17
578,578,42659001,16,29
579,579,42660001,18,19
580,580,42661001,18,22
581,581,42662001,24,20
582,582,42663001,10,33
583,583,42664001,25,24
584,584,42665001,26,17
585,585,42666001,17,24
586,586,42667001,19,23
587,587,42668001,20,32
588,588,42669001,21,17
589,589,42670001,20,28
590,590,42671001,4,46
591,591,42672001,32,4
592,592,42673001,25,19
593,593,42674001,19,15
594,594,42675001,18,29
595,595,42676001,17,25
596,596,42677001,24,21
597,597,42678001,17,20
598,598,42679001,16,21
599,599,42680001,10,32
600,600,42681001,18,17
601,601,42682001,15,36
602,602,42683001,21,21
603,603,42684001,26,22
604,604,42685001,13,30
605,605,42686001,14,31
606,606,42687001,25,18
607,607,42688001,20,23
608,608,42689001,18,25
609,609,42690001,18,27
610,610,42691001,15,32
611,611,42692001,21,24
612,612,42693001,22,26
613,613,42694001,22,29
614,614,42695001,21,23
615,615,42696001,21,20
616,616,42697001,22,20
617,617,42698001,33,7
618,618,42699001,19,22
619,619,42700001,12,24
620,620,42701001,11,32
621,621,42702001,18,21
622,622,42703001,13,28
623,623,42704001,21,28
624,624,42705001,21,21
625,625,42706001,19,23
626,626,42707001,12,30
627,627,42708001,24,25
628,628,42709001,17,24
629,629,42710001,12,24
630,630,42711001,23,17
631,631,42712001,27,17
632,632,42713001,17,27
633,633,42714001,18,18
634,634,42715001,18,21
635,635,42716001,13,32
636,636,42717001,17,26
637,637,42718001,21,15
638,638,42719001,10,26
639,639,42720001,23,18
640,640,42721001,26,19
641,641,42722001,17,30
642,642,42723001,18,13
643,643,42724001,25,16
644,644,42725001,20,19
645,645,42726001,28,10
646,646,42727001,28,16
647,647,42728001,19,22
648,648,42729001,25,15
649,649,42730001,23,24
650,650,42731001,11,30
651,651,42732001,19,29
652,652,42733001,21,11
653,653,42734001,14,30
654,654,42735001,18,26
655,655,42736001,25,16
656,656,42737001,19,27
657,657,42738001,17,21
658,658,42739001,20,23
659,659,42740001,23,15
660,660,42741001,20,24
661,661,42742001,18,18
662,662,42743001,14,31
663,663,42744001,24,8
664,664,42745001,23,25
665,665,42746001,21,24
666,666,42747001,22,20
667,667,42748001,16,27
668,668,42749001,20,33
669,669,42750001,16,18
670,670,42751001,7,40
671,671,42752001,11,29
672,672,42753001,28,14
673,673,42754001,26,20
674,674,42755001,25,16
675,675,42756001,27,18
676,676,42757001,24,18
677,677,42758001,22,20
678,678,42760001,23,24
679,679,42762001,21,18
680,680,42763001,22,11
681,681,42764001,20,32
682,682,42765001,26,23
683,683,42766001,16,29
684,684,42767001,21,24
685,685,42768001,21,19
686,686,42769001,19,33
687,687,42770001,17,36
688,688,42771001,14,21
689,689,42772001,14,29
690,690,42773001,26,11
691,691,42774001,16,22
692,692,42775001,21,21
693,693,42776001,16,27
694,694,42777001,19,21
695,695,42778001,-5,50
696,696,42779001,21,32
697,697,42780001,20,23
698,698,42781001,26,15
699,699,42782001,19,19
700,700,42783001,25,21
701,701,42784001,23,22
702,702,42785001,34,10
703,703,42786001,26,16
704,704,42787001,34,2
705,705,42788001,30,8
706,706,42789001,32,13
707,707,42790001,33,7
708,708,42791001,22,14
709,709,42792001,19,27
710,710,42793001,10,42
711,711,42794001,10,40
712,712,42795001,11,23
713,713,42796001,14,32
714,714,42797001,27,19
715,715,42798001,22,10
716,716,42799001,27,24
717,717,42800001,19,27
718,718,42801001,12,35
719,719,42802001,13,39
720,720,42803001,19,22
721,721,42804001,27,18
722,722,42805001,18,24
723,723,42806001,9,35
724,724,42807001,23,25
725,725,42808001,10,30
726,726,42809001,20,21
727,727,42810001,22,12
728,728,42811001,21,23
729,729,42812001,17,17
730,730,42813001,18,23
731,731,42814001,16,20
732,732,42815001,15,21
733,733,42816001,27,16
734,734,42817001,14,22
735,735,42818001,20,12
736,736,42819001,9,26
737,737,42820001,19,18
738,738,42821001,20,27
739,739,42822001,13,26
740,740,42823001,25,17
741,741,42824001,23,20
742,742,42825001,19,19
743,743,42826001,31,12
744,744,42827001,23,8
745,745,42828001,12,37
746,746,42829001,18,17
747,747,42830001,24,22
748,748,42831001,18,20
749,749,42832001,21,17
750,750,42833001,20,16
751,751,42834001,27,16
752,752,42835001,23,25
753,753,42836001,11,35
754,754,42837001,14,33
755,755,42838001,23,22
756,756,42839001,20,21
757,757,42840001,23,15
758,758,42841001,24,16
759,759,42842001,21,23
760,760,42843001,19,29
761,761,42844001,19,25
762,762,42845001,21,21
763,763,42846001,12,30
764,764,42847001,19,22
765,765,42848001,17,24
766,766,42849001,14,24
767,767,42850001,-3,51
768,768,42851001,23,17
769,769,42852001,17,28
770,770,42853001,17,22
771,771,42854001,25,19
772,772,42855001,21,12
773,773,42856001,15,24
774,774,42857001,17,27
775,775,42858001,13,40
776,776,42859001,17,18
777,777,42860001,19,28
778,778,42861001,19,28
779,779,42863001,25,23
780,780,42864001,19,26
781,781,42865001,20,17
782,782,42866001,21,22
783,783,42867001,23,12
784,784,42868001,19,21
785,785,42869001,22,28
786,786,42870001,20,22
787,787,42871001,10,32
788,788,42872001,24,17
789,789,42873001,16,29
790,790,42874001,21,26
791,791,42875001,16,33
792,792,42876001,11,33
793,793,42877001,21,22
794,794,42878001,9,25
795,795,42879001,25,23
796,796,42880001,17,33
797,797,42881001,23,25
798,798,42882001,13,25
799,799,42883001,17,37
800,800,42884001,12,31
801,801,42885001,29,5
802,802,42886001,17,25
803,803,42887001,16,17
804,804,42888001,25,20
805,805,42889001,7,38
806,806,42890001,17,25
807,807,42891001,14,23
808,808,42892001,28,17
809,809,42893001,24,30
810,810,42894001,14,34
811,811,42895001,18,22
812,812,42896001,17,15
813,813,42897001,21,12
814,814,42898001,21,29
815,815,42899001,23,16
816,816,42900001,17,27
817,817,42901001,17,24
818,818,42902001,10,25
819,819,42903001,20,18
820,820,42904001,16,28
821,821,42905001,15,25
822,822,42906001,17,26
823,823,42907001,19,20
824,824,42908001,8,30
825,825,42909001,12,33
826,826,42910001,23,16
827,827,42911001,23,20
828,828,42912001,22,15
829,829,42913001,15,33
830,830,42914001,17,35
831,831,42915001,20,22
832,832,42916001,21,20
833,833,42917001,22,18
834,834,42918001,20,26
835,835,42919001,13,32
836,836,42920001,17,21
837,837,42921001,12,27
838,838,42922001,20,18
839,839,42923001,10,36
840,840,42924001,26,21
841,841,42925001,21,12
842,842,42926001,20,32
843,843,42927001,26,15
844,844,42928001,19,21
845,845,42929001,11,34
846,846,42930001,23,33
847,847,42931001,14,28
848,848,42932001,18,39
849,849,42933001,18,34
850,850,42934001,23,25
851,851,42935001,23,16
852,852,42936001,24,17
853,853,42937001,19,21
854,854,42938001,21,27
855,855,42939001,13,29
856,856,42940001,16,26
857,857,42941001,10,29
858,858,42942001,20,32
859,859,42943001,15,28
860,860,42944001,13,39
861,861,42945001,19,26
862,862,42946001,12,35
863,863,42947001,25,23
864,864,42948001,15,29
865,865,42949001,20,18
866,866,42950001,20,23
867,867,42951001,19,35
868,868,42952001,17,30
869,869,42953001,21,19
870,870,42954001,27,14
871,871,42955001,25,16
872,872,42956001,26,19
873,873,42957001,14,30
874,874,42958001,24,10
875,875,42959001,26,16
876,876,42960001,22,24
877,877,42961001,14,29
878,878,42962001,10,29
879,879,42963001,18,31
880,880,42964001,22,21
881,881,42965001,23,24
882,882,42966001,21,21
883,883,42967001,16,31
884,884,42968001,23,29
885,885,42969001,27,14
886,886,42970001,22,16
887,887,42971001,21,24
888,888,42972001,20,15
889,889,42973001,23,20
890,890,42974001,22,22
891,891,42975001,21,19
892,892,42976001,15,18
893,893,42977001,17,34
894,894,42978001,21,21
895,895,42979001,16,25
896,896,42980001,23,18
897,897,42981001,20,21
898,898,42982001,16,20
899,899,42983001,16,36
900,900,42984001,24,13
901,901,42985001,15,20
902,902,42986001,18,15
903,903,42987001,25,18
904,904,42988001,12,30
905,905,42989001,22,13
906,906,42990001,10,34
907,907,42991001,17,18
908,908,42992001,25,20
909,909,42993001,16,21
910,910,42994001,19,23
911,911,42995001,21,13
912,912,42996001,19,21
913,913,42997001,22,15
914,914,42998001,21,18
915,915,42999001,24,19
916,916,43000001,18,17
917,917,43001001,13,28
918,918,43002001,18,21
919,919,43003001,26,25
920,920,43004001,19,17
921,921,43005001,24,22
922,922,43006001,28,15
923,923,43007001,24,21
924,924,43008001,18,34
925,925,43009001,24,12
926,926,43010001,30,8
927,927,43011001,29,7
928,928,43012001,26,11
929,929,43013001,26,9
930,930,43014001,31,7
931,931,43015001,23,7
932,932,43016001,24,9
933,933,43017001,30,10
934,934,43018001,27,10
935,935,43019001,27,17
936,936,43020001,25,6
937,937,43021001,30,13
938,938,43022001,23,19
939,939,43023001,29,5
940,940,43024001,30,13
941,941,43025001,29,5
942,942,43026001,26,14
943,943,43027001,27,9
944,944,43028001,31,8
945,945,43029001,35,5
946,946,43030001,33,12
947,947,43031001,29,16
948,948,43032001,31,7
949,949,43033001,26,3
950,950,43034001,24,8
951,951,43035001,25,7
952,952,43036001,26,11
953,953,43037001,25,16
954,954,43038001,30,7
955,955,43039001,26,16
956,956,43040001,28,3
957,957,43041001,29,11
958,958,43042001,32,18
959,959,43043001,20,23
960,960,43044001,21,27
961,961,43045001,15,22
962,962,43046001,25,20
963,963,43047001,16,22
964,964,43048001,17,29
965,965,43049001,22,21
966,966,43050001,21,18
967,967,43051001,21,21
968,968,43052001,25,19
969,969,43053001,20,15
970,970,43054001,20,20
971,971,43055001,13,23
972,972,43056001,18,25
973,973,43057001,16,33
974,974,43058001,21,19
975,975,43059001,18,19
976,976,43060001,19,27
977,977,43061001,16,29
978,978,43062001,24,15
979,979,43063001,22,27
980,980,43064001,27,25
981,981,43065001,19,31
982,982,43066001,11,29
983,983,43067001,21,20
984,984,43068001,16,28
985,985,43071001,18,26
986,986,43072001,11,26
987,987,43073001,16,24
988,988,43074001,27,16
989,989,43075001,29,15
990,990,43076001,20,23
991,991,43077001,16,23
992,992,43078001,11,33
993,993,43079001,21,19
994,994,43080001,15,32
995,995,43081001,20,20
996,996,43082001,25,15
997,997,43083001,15,32
998,998,43084001,24,24
999,999,43085001,25,18
1000,1000,43086001,21,15
1001,1001,43087001,19,37
1002,1002,43088001,20,22
1003,1003,43089001,28,19
1004,1004,43090001,21,19
1005,1005,43091001,15,26
1006,1006,43092001,16,23
1007,1007,43093001,22,17
1008,1008,43094001,16,31
1009,1009,43095001,25,13
1010,1010,43096001,19,30
1011,1011,43097001,22,25
1012,1012,43098001,19,15
1013,1013,43099001,15,20
1014,1014,43100001,19,18
1015,1015,43101001,22,30
1016,1016,43102001,22,21
1017,1017,43103001,22,25
1018,1018,43104001,27,14
1019,1019,43105001,13,31
1020,1020,43106001,22,27
1021,1021,43107001,20,22
1022,1022,43108001,20,19
1023,1023,43109001,19,19
1024,1024,43110001,20,22
1025,1025,43111001,26,23
1026,1026,43112001,20,20
1027,1027,43113001,20,18
1028,1028,43114001,10,30
1029,1029,43115001,20,26
1030,1030,43116001,21,24
1031,1031,43117001,23,23
1032,1032,43118001,24,10
1033,1033,43119001,22,17
1034,1034,43120001,23,23
1035,1035,43121001,16,31
1036,1036,43122001,19,32
1037,1037,43123001,21,28
1038,1038,43124001,19,32
1039,1039,43125001,25,20
1040,1040,43126001,15,23
1041,1041,43127001,15,31
1042,1042,43128001,24,21
1043,1043,43129001,22,25
1044,1044,43130001,10,30
1045,1045,43131001,18,25
1046,1046,43132001,22,17
1047,1047,43133001,19,22
1048,1048,43134001,32,9
1049,1049,43135001,12,25
1050,1050,43136001,15,32
1051,1051,43137001,28,12
1052,1052,43138001,29,16
1053,1053,43139001,24,19
1054,1054,43140001,23,13
1055,1055,43141001,14,26
1056,1056,43142001,23,22
1057,1057,43143001,7,34
1058,1058,43144001,13,23
1059,1059,43145001,17,24
1060,1060,43146001,19,28
1061,1061,43147001,23,23
1062,1062,43148001,21,16
1063,1063,43149001,14,22
1064,1064,43150001,27,24
1065,1065,43151001,23,18
1066,1066,43152001,14,34
1067,1067,43153001,29,11
1068,1068,43154001,12,34
1069,1069,43155001,21,35
1070,1070,43156001,30,10
1071,1071,43157001,11,29
1072,1072,43158001,20,26
1073,1073,43159001,17,23
1074,1074,43160001,17,29
1075,1075,43161001,18,19
1076,1076,43162001,21,32
1077,1077,43163001,26,18
1078,1078,43164001,26,18
1079,1079,43165001,12,28
1080,1080,43166001,23,14
1081,1081,43167001,14,31
1082,1082,43168001,14,33
1083,1083,43169001,15,18
1084,1084,43170001,17,19
1085,1085,43171001,21,25
1086,1086,43172001,24,22
1087,1087,43173001,19,26
1088,1088,43174001,11,31
1089,1089,43175001,15,21
1090,1090,43176001,23,25
1091,1091,43177001,17,32
1092,1092,43178001,23,21
1093,1093,43179001,22,16
1094,1094,43180001,10,29
1095,1095,43181001,24,23
1096,1096,43182001,26,17
1097,1097,43183001,15,29
1098,1098,43184001,25,18
1099,1099,43185001,17,34
1100,1100,43186001,12,28
1101,1101,43187001,20,16
1102,1102,43188001,10,30
1103,1103,43189001,22,18
1104,1104,43190001,22,22
1105,1105,43191001,21,18
1106,1106,43192001,15,24
1107,1107,43193001,18,16
1108,1108,43194001,14,35
1109,1109,43195001,27,20
1110,1110,43196001,17,27
1111,1111,43197001,16,33
1112,1112,43198001,13,31
1113,1113,43199001,17,29
1114,1114,43200001,21,25
1115,1115,43201001,17,28
1116,1116,43202001,14,29
1117,1117,43203001,29,9
1118,1118,43204001,13,19
1119,1119,43205001,15,26
1120,1120,43206001,18,26
1121,1121,43207001,14,34
1122,1122,43208001,20,11
1123,1123,43209001,32,12
1124,1124,43210001,31,7
1125,1125,43211001,26,12
1126,1126,43212001,24,15
1127,1127,43213001,28,7
1128,1128,43214001,27,9
1129,1129,43215001,32,3
1130,1130,43216001,25,12
1131,1131,43217001,31,6
1132,1132,43218001,27,12
1133,1133,43219001,15,30
1134,1134,43220001,17,23
1135,1135,43221001,22,13
1136,1136,43222001,8,25
1137,1137,43223001,17,31
1138,1138,43224001,19,20
1139,1139,43225001,29,14
1140,1140,43226001,21,15
1141,1141,43227001,13,28
1142,1142,43228001,15,30
1143,1143,43229001,24,11
1144,1144,43230001,26,17
1145,1145,43231001,22,19
1146,1146,43232001,27,19
1147,1147,43233001,19,17
1148,1148,43234001,28,16
1149,1149,43235001,17,20
1150,1150,43236001,24,22
1151,1151,43237001,22,23
1152,1152,43238001,16,25
1153,1153,43239001,21,26
1154,1154,43240001,22,16
1155,1155,43241001,25,21
1156,1156,43242001,19,31
1157,1157,43243001,16,33
1158,1158,43244001,12,29
1159,1159,43245001,20,18
1160,1160,43246001,26,14
1161,1161,43247001,22,25
1162,1162,43248001,21,18
1163,1163,43249001,16,33
1164,1164,43250001,23,29
1165,1165,43251001,21,22
1166,1166,43252001,15,31
1167,1167,43253001,30,10
1168,1168,43254001,34,8
1169,1169,43255001,36,3
1170,1170,43256001,32,9
1171,1171,43257001,26,7
1172,1172,43258001,25,17
1173,1173,43259001,30,10
1174,1174,43260001,31,7
1175,1175,43261001,26,6
1176,1176,43262001,30,5
1177,1177,43263001,25,10
1178,1178,43264001,38,2
1179,1179,43265001,29,9
1180,1180,43266001,28,3
1181,1181,43267001,31,9
1182,1182,43268001,28,4
1183,1183,43269001,24,16
1184,1184,43270001,24,10
1185,1185,43271001,31,15
1186,1186,43272001,29,8
1187,1187,43273001,28,18
1188,1188,43274001,30,11
1189,1189,43275001,23,13
1190,1190,43276001,33,6
1191,1191,43277001,32,13
1192,1192,43278001,30,10
1193,1193,43279001,35,6
1194,1194,43280001,32,5
1195,1195,43281001,24,9
1196,1196,43282001,28,17
1197,1197,43283001,23,15
1198,1198,43284001,22,15
1199,1199,43285001,26,11
1200,1200,43286001,26,13
1201,1201,43287001,32,5
1202,1202,43288001,33,6
1203,1203,43289001,26,10
1204,1204,43290001,36,4
1205,1205,43291001,26,10
1206,1206,43292001,24,7
1207,1207,43293001,24,12
1208,1208,43294001,27,8
1209,1209,43295001,20,16
1210,1210,43296001,22,10
1211,1211,43297001,35,7
1212,1212,43298001,29,13
1213,1213,43299001,30,12
1214,1214,43300001,29,17
1215,1215,43301001,25,10
1216,1216,43302001,25,16
1217,1217,43303001,30,9
1218,1218,43304001,21,10
1219,1219,43305001,28,13
1220,1220,43306001,32,8
1221,1221,43307001,36,5
1222,1222,43308001,32,16
1223,1223,43309001,28,6
1224,1224,43310001,28,10
1225,1225,43311001,32,3
1226,1226,43312001,23,13
1227,1227,43313001,28,4
1228,1228,43314001,27,12
1229,1229,43315001,24,6
1230,1230,43316001,28,14
1231,1231,43317001,26,7
1232,1232,43318001,33,7
1233,1233,43319001,25,15
1234,1234,43320001,23,11
1235,1235,43321001,29,5
1236,1236,43322001,30,6
1237,1237,43323001,22,13
1238,1238,43324001,30,8
1239,1239,43325001,35,9
1240,1240,43326001,30,11
1241,1241,43327001,33,8
1242,1242,43328001,22,15
1243,1243,43329001,21,18
1244,1244,43330001,24,18
1245,1245,43331001,32,14
1246,1246,43332001,33,6
1247,1247,43333001,33,7
1248,1248,43334001,19,14
1249,1249,43335001,31,11
1250,1250,43336001,27,10
1251,1251,43337001,33,3
1252,1252,43338001,28,10
1253,1253,43339001,31,7
1254,1254,43340001,28,12
1255,1255,43341001,31,8
1256,1256,43342001,27,4
1257,1257,43343001,28,4
1258,1258,43344001,26,7
1259,1259,43345001,34,12
1260,1260,43346001,24,6
1261,1261,43347001,24,12
1262,1262,43348001,30,6
1263,1263,43349001,27,7
1264,1264,43350001,37,2
1265,1265,43351001,25,8
1266,1266,43352001,32,10
1267,1267,43353001,26,8
1268,1268,43354001,24,12
1269,1269,43355001,26,7
1270,1270,43356001,26,13
1271,1271,43357001,29,7
1272,1272,43358001,31,7
1273,1273,43359001,27,10
1274,1274,43360001,31,6
1275,1275,43361001,32,8
1276,1276,43362001,33,7
1277,1277,43363001,34,7
1278,1278,43364001,21,21
1279,1279,43365001,26,7
1280,1280,43366001,17,19
1281,1281,43367001,28,10
1282,1282,43368001,31,8
1283,1283,43369001,32,11
1284,1284,43370001,24,7
1285,1285,43371001,32,5
1286,1286,43372001,30,6
1287,1287,43373001,28,17
1288,1288,43374001,29,12
1289,1289,43375001,27,11
1290,1290,43376001,29,12
1291,1291,43377001,30,8
1292,1292,43378001,28,11
1293,1293,43379001,28,4
1294,1294,43380001,30,8
1295,1295,43381001,24,7
1296,1296,43382001,12,37
1297,1297,43383001,23,23
1298,1298,43384001,15,22
1299,1299,43385001,18,21
1300,1300,43386001,18,36
1301,1301,43387001,18,22
1302,1302,43388001,16,23
1303,1303,43389001,13,40
1304,1304,43390001,12,34
1305,1305,43391001,24,19
1306,1306,43392001,23,26
1307,1307,43393001,18,16
1308,1308,43394001,20,22
1309,1309,43395001,23,25
1310,1310,43396001,19,27
1311,1311,43397001,7,35
1312,1312,43398001,9,32
1313,1313,43399001,16,26
1314,1314,43400001,9,31
1315,1315,43401001,13,31
1316,1316,43402001,21,19
1317,1317,43403001,18,33
1318,1318,43404001,19,26
1319,1319,43405001,27,18
1320,1320,43406001,12,31
1321,1321,43407001,20,16
1322,1322,43408001,15,31
1323,1323,43409001,17,27
1324,1324,43410001,12,34
1325,1325,43411001,13,31
1326,1326,43412001,16,33
1327,1327,43413001,26,23
1328,1328,43414001,24,15
1329,1329,43415001,21,26
1330,1330,43416001,13,26
1331,1331,43417001,12,37
1332,1332,43418001,13,20
1333,1333,43419001,25,15
1334,1334,43420001,9,30
1335,1335,43421001,19,20
1336,1336,43422001,13,28
1337,1337,43423001,13,25
1338,1338,43424001,15,22
1339,1339,43425001,18,26
1340,1340,43426001,19,18
1341,1341,43427001,14,26
1342,1342,43428001,22,20
1343,1343,43429001,20,13
1344,1344,43430001,16,24
1345,1345,43431001,12,34
1346,1346,43432001,8,32
1347,1347,43433001,22,27
1348,1348,43434001,22,19
1349,1349,43435001,21,20
1350,1350,43436001,18,23
1351,1351,43437001,14,31
1352,1352,43438001,16,20
1353,1353,43439001,20,20
1354,1354,43440001,15,24
1355,1355,43441001,15,31
1356,1356,43442001,22,29
1357,1357,43443001,20,28
1358,1358,43444001,26,8
1359,1359,43445001,17,23
1360,1360,43446001,17,18
1361,1361,43447001,22,14
1362,1362,43448001,26,13
1363,1363,43449001,21,16
1364,1364,43450001,15,22
1365,1365,43451001,15,29
1366,1366,43452001,23,18
1367,1367,43453001,24,20
1368,1368,43454001,16,17
1369,1369,43455001,20,15
1370,1370,43456001,22,20
1371,1371,43457001,21,18
1372,1372,43458001,26,21
1373,1373,43459001,19,23
1374,1374,43460001,20,20
1375,1375,43461001,13,25
1376,1376,43462001,19,19
1377,1377,43463001,17,27
1378,1378,43464001,17,23
1379,1379,43465001,14,36
1380,1380,43466001,20,19
1381,1381,43467001,21,16
1382,1382,43468001,13,34
1383,1383,43469001,21,19
1384,1384,43470001,23,19
1385,1385,43471001,23,18
1386,1386,43472001,25,13
1387,1387,43473001,17,31
1388,1388,43474001,15,19
1389,1389,43475001,12,43
1390,1390,43476001,24,14
1391,1391,43477001,16,21
1392,1392,43478001,17,37
1393,1393,43479001,22,12
1394,1394,43480001,21,20
1395,1395,43481001,11,25
1396,1396,43482001,15,31
1397,1397,43483001,21,16
1398,1398,43484001,25,20
1399,1399,43485001,14,21
1400,1400,43486001,22,20
1401,1401,43487001,23,19
1402,1402,43488001,12,28
1403,1403,43489001,15,23
1404,1404,43490001,22,12
1405,1405,43491001,9,36
1406,1406,43492001,16,24
1407,1407,43493001,21,24
1408,1408,43494001,16,29
1409,1409,43495001,17,24
1410,1410,43496001,16,18
1411,1411,43497001,22,25
1412,1412,43498001,21,20
1413,1413,43499001,22,25
1414,1414,43500001,26,18
1415,1415,43501001,22,14
1416,1416,43502001,22,22
1417,1417,43503001,14,34
1418,1418,43504001,20,14
1419,1419,43505001,15,31
1420,1420,43506001,26,17
1421,1421,43507001,16,26
1422,1422,43508001,17,22
1423,1423,43509001,20,28
1424,1424,43510001,21,26
1425,1425,43511001,18,22
1426,1426,43512001,20,29
1427,1427,43513001,19,15
1428,1428,43514001,15,21
1429,1429,43515001,23,14
1430,1430,43516001,26,15
1431,1431,43517001,11,32
1432,1432,43518001,18,21
1433,1433,43519001,16,36
1434,1434,43520001,19,17
1435,1435,43521001,28,15
1436,1436,43522001,20,28
1437,1437,43523001,18,30
1438,1438,43524001,25,17
1439,1439,43525001,21,18
1440,1440,43526001,-3,48
1441,1441,43527001,-1,48
1442,1442,43528001,0,48
1443,1443,43529001,-1,59
1444,1444,43530001,14,23
1445,1445,43531001,26,20
1446,1446,43532001,14,29
1447,1447,43533001,22,25
1448,1448,43534001,25,16
1449,1449,43535001,19,29
1450,1450,43536001,14,20
1451,1451,43537001,15,20
1452,1452,43538001,24,20
1453,1453,43539001,18,18
1454,1454,43540001,21,22
1455,1455,43541001,14,20
1456,1456,43542001,21,21
1457,1457,43543001,28,17
1458,1458,43544001,12,30
1459,1459,43545001,14,24
1460,1460,43546001,22,24
1461,1461,43547001,12,35
1462,1462,43548001,12,36
1463,1463,43549001,19,27
1464,1464,43550001,25,23
1465,1465,43551001,21,16
1466,1466,43552001,20,26
1467,1467,43553001,19,17
1468,1468,43554001,13,34
1469,1469,43555001,16,21
1470,1470,43556001,21,27
1471,1471,43557001,20,24
1472,1472,43558001,22,17
1473,1473,43559001,12,34
1474,1474,43560001,12,28
1475,1475,43561001,19,20
1476,1476,43562001,23,19
1477,1477,43563001,17,36
1478,1478,43564001,15,37
1479,1479,43565001,23,18
1480,1480,43566001,20,16
1481,1481,43567001,13,31
1482,1482,43568001,14,38
1483,1483,43569001,24,16
1484,1484,43570001,15,35
1485,1485,43571001,19,18
1486,1486,43572001,27,17
1487,1487,43573001,23,25
1488,1488,43574001,29,14
1489,1489,43575001,18,30
1490,1490,43576001,22,18
1491,1491,43577001,19,16
1492,1492,43578001,15,33
1493,1493,43579001,17,25
1494,1494,43580001,23,20
1495,1495,43581001,20,29
1496,1496,43582001,16,24
1497,1497,43583001,14,32
1498,1498,43584001,26,16
1499,1499,43585001,22,17
1500,1500,43586001,22,26
1501,1501,43587001,24,15
1502,1502,43588001,23,28
1503,1503,43589001,22,23
1504,1504,43590001,23,23
1505,1505,43591001,20,20
1506,1506,43592001,18,30
1507,1507,43593001,17,28
1508,1508,43594001,27,12
1509,1509,43595001,25,15
1510,1510,43596001,22,22
1511,1511,43597001,12,26
1512,1512,43598001,10,42
1513,1513,43599001,15,22
1514,1514,43600001,23,20
1515,1515,43601001,24,9
1516,1516,43602001,20,24
1517,1517,43603001,15,31
1518,1518,43604001,24,27
1519,1519,43605001,18,25
1520,1520,43606001,20,27
1521,1521,43607001,18,20
1522,1522,43608001,12,34
1523,1523,43609001,21,16
1524,1524,43610001,23,16
1525,1525,43611001,23,22
1526,1526,43612001,21,18
1527,1527,43613001,18,30
1528,1528,43614001,14,35
1529,1529,43615001,16,20
1530,1530,43616001,18,21
1531,1531,43617001,12,34
1532,1532,43618001,25,15
1533,1533,43619001,20,13
1534,1534,43620001,26,17
1535,1535,43621001,20,23
1536,1536,43622001,17,27
1537,1537,43623001,15,25
1538,1538,43624001,26,13
1539,1539,43625001,22,22
1540,1540,43626001,19,22
1541,1541,43627001,20,25
1542,1542,43628001,19,19
1543,1543,43629001,24,18
1544,1544,43630001,20,25
1545,1545,43631001,18,21
1546,1546,43632001,22,25
1547,1547,43633001,21,21
1548,1548,43634001,23,21
1549,1549,43635001,16,29
1550,1550,43636001,31,6
1551,1551,43637001,22,24
1552,1552,43638001,20,24
1553,1553,43639001,17,28
1554,1554,43640001,20,17
1555,1555,43641001,13,34
1556,1556,43642001,26,9
1557,1557,43643001,25,16
1558,1558,43644001,23,21
1559,1559,43645001,19,23
1560,1560,43646001,10,47
1561,1561,43647001,17,20
1562,1562,43648001,17,26
1563,1563,43649001,22,25
1564,1564,43650001,26,16
1565,1565,43651001,20,23
1566,1566,43652001,22,27
1567,1567,43653001,13,37
1568,1568,43654001,20,17
1569,1569,43655001,15,32
1570,1570,43656001,27,20
1571,1571,43657001,18,28
1572,1572,43658001,16,29
1573,1573,43659001,16,24
1574,1574,43660001,18,18
1575,1575,43661001,18,29
1576,1576,43662001,20,31
1577,1577,43663001,16,14
1578,1578,43664001,17,21
1579,1579,43665001,11,35
1580,1580,43666001,25,21
1581,1581,43667001,22,16
1582,1582,43668001,20,21
1583,1583,43669001,19,20
1584,1584,43670001,14,32
1585,1585,43671001,18,31
1586,1586,43672001,17,20
1587,1587,43673001,27,10
1588,1588,43674001,13,27
1589,1589,43675001,11,32
1590,1590,43676001,20,30
1591,1591,43677001,16,23
1592,1592,43678001,17,35
1593,1593,43679001,19,28
1594,1594,43680001,16,34
1595,1595,43681001,17,22
1596,1596,43682001,25,12
1597,1597,43683001,25,16
1598,1598,43684001,27,22
1599,1599,43685001,17,25
1600,1600,43686001,24,23
1601,1601,43687001,15,30
1602,1602,43688001,10,47
1603,1603,43689001,17,18
1604,1604,43690001,17,37
1605,1605,43691001,22,25
1606,1606,43692001,27,15
1607,1607,43693001,22,14
1608,1608,43694001,27,19
1609,1609,43695001,12,33
1610,1610,43696001,22,12
1611,1611,43697001,25,24
1612,1612,43698001,17,25
1613,1613,43699001,20,27
1614,1614,43700001,19,21
1615,1615,43701001,21,15
1616,1616,43702001,24,21
1617,1617,43703001,19,24
1618,1618,43704001,24,24
1619,1619,43705001,16,35
1620,1620,43706001,19,24
1621,1621,43707001,19,22
1622,1622,43708001,21,17
1623,1623,43709001,19,25
1624,1624,43710001,8,23
1625,1625,43711001,14,27
1626,1626,43712001,26,17
1627,1627,43713001,23,27
1628,1628,43714001,17,16
1629,1629,43715001,21,23
1630,1630,43716001,15,40
1631,1631,43717001,18,29
1632,1632,43718001,18,19
1633,1633,43719001,19,24
1634,1634,43720001,15,23
1635,1635,43721001,12,34
1636,1636,43722001,26,16
1637,1637,43723001,12,33
1638,1638,43724001,29,15
1639,1639,43725001,20,31
1640,1640,43726001,17,29
1641,1641,43727001,20,17
1642,1642,43728001,18,22
1643,1643,43729001,23,22
1644,1644,43730001,11,39
1645,1645,43731001,19,18
1646,1646,43732001,19,26
1647,1647,43733001,15,25
1648,1648,43734001,20,25
1649,1649,43735001,16,26
1650,1650,43736001,21,19
1651,1651,43737001,12,28
1652,1652,43738001,24,19
1653,1653,43739001,18,21
1654,1654,43740001,17,21
1655,1655,43741001,24,16
1656,1656,43742001,21,20
1657,1657,43743001,19,33
1658,1658,43744001,16,28
1659,1659,43745001,16,21
1660,1660,43746001,18,14
1661,1661,43747001,20,21
1662,1662,43748001,20,27
1663,1663,43749001,23,26
1664,1664,43750001,22,19
1665,1665,43751001,19,23
1666,1666,43752001,12,24
1667,1667,43753001,22,23
1668,1668,43754001,28,19
1669,1669,43755001,13,37
1670,1670,43756001,22,17
1671,1671,43757001,18,24
1672,1672,43758001,21,18
1673,1673,43759001,19,19
1674,1674,43760001,15,18
1675,1675,43761001,16,34
1676,1676,43762001,25,23
1677,1677,43763001,14,26
1678,1678,43764001,29,18
1679,1679,43765001,19,19
1680,1680,43766001,25,13
1681,1681,43767001,18,31
1682,1682,43768001,22,11
1683,1683,43769001,24,24
1684,1684,43770001,20,20
1685,1685,43771001,16,33
1686,1686,43772001,15,25
1687,1687,43773001,21,22
1688,1688,43774001,12,35
1689,1689,43775001,15,22
1690,1690,43776001,14,21
1691,1691,43777001,19,18
1692,1692,43778001,19,21
1693,1693,43779001,15,37
1694,1694,43780001,19,29
1695,1695,43781001,18,34
1696,1696,43782001,21,23
1697,1697,43783001,21,19
1698,1698,43784001,16,22
1699,1699,43785001,18,19
1700,1700,43786001,28,10
1701,1701,43787001,9,30
1702,1702,43788001,29,10
1703,1703,43789001,22,13
1704,1704,43790001,22,28
1705,1705,43791001,27,15
1706,1706,43792001,16,33
1707,1707,43793001,20,21
1708,1708,43794001,25,21
1709,1709,43795001,25,15
1710,1710,43796001,23,18
1711,1711,43797001,26,14
1712,1712,43798001,14,30
1713,1713,43799001,17,32
1714,1714,43800001,20,25
1715,1715,43801001,17,22
1716,1716,43802001,20,20
1717,1717,43803001,24,15
1718,1718,43804001,21,15
1719,1719,43805001,16,30
1720,1720,43806001,20,25
1721,1721,43807001,22,21
1722,1722,43808001,19,30
1723,1723,43809001,16,41
1724,1724,43810001,23,22
1725,1725,43811001,11,28
1726,1726,43812001,17,22
1727,1727,43813001,18,30
1728,1728,43814001,26,12
1729,1729,43815001,13,24
1730,1730,43816001,21,29
1731,1731,43817001,18,23
1732,1732,43818001,20,22
1733,1733,43819001,12,30
1734,1734,43820001,8,34
1735,1735,43821001,19,26
1736,1736,43822001,14,21
1737,1737,43823001,10,33
1738,1738,43824001,23,23
1739,1739,43825001,15,25
1740,1740,43826001,20,23
1741,1741,43827001,18,16
1742,1742,43828001,23,17
1743,1743,43829001,16,30
1744,1744,43830001,26,17
1745,1745,43831001,25,19
1746,1746,43832001,20,22
1747,1747,43833001,27,16
1748,1748,43834001,14,25
1749,1749,43835001,25,20
1750,1750,43836001,18,20
1751,1751,43837001,16,26
1752,1752,43838001,14,31
1753,1753,43839001,14,31
1754,1754,43840001,12,33
1755,1755,43841001,28,16
1756,1756,43842001,9,28
1757,1757,43843001,15,24
1758,1758,43844001,21,24
1759,1759,43845001,18,24
1760,1760,43846001,21,24
1761,1761,43847001,25,17
1762,1762,43848001,21,29
1763,1763,43849001,18,24
1764,1764,43850001,18,27
1765,1765,43851001,19,25
1766,1766,43852001,22,18
1767,1767,43853001,17,25
1768,1768,43854001,23,20
1769,1769,43855001,15,30
1770,1770,43856001,25,12
1771,1771,43857001,24,18
1772,1772,43858001,15,30
1773,1773,43859001,23,24
1774,1774,43860001,22,18
1775,1775,43861001,14,26
1776,1776,43862001,10,22
1777,1777,43863001,13,27
1778,1778,43864001,15,27
1779,1779,43865001,23,18
1780,1780,43866001,28,15
1781,1781,43867001,26,22
1782,1782,43868001,26,16
1783,1783,43869001,26,18
1784,1784,43870001,23,13
1785,1785,43871001,22,24
1786,1786,43872001,13,34
1787,1787,43873001,21,21
1788,1788,43874001,20,24
1789,1789,43875001,21,28
1790,1790,43876001,17,20
1791,1791,43877001,16,22
1792,1792,43878001,25,20
1793,1793,43879001,14,27
1794,1794,43880001,14,38
1795,1795,43881001,23,30
1796,1796,43882001,24,23
1797,1797,43883001,21,16
1798,1798,43884001,24,21
1799,1799,43885001,23,19
1800,1800,43886001,27,16
1801,1801,43887001,17,39
1802,1802,43888001,24,20
1803,1803,43889001,12,32
1804,1804,43890001,14,21
1805,1805,43891001,17,34
1806,1806,43892001,17,19
1807,1807,43893001,23,22
1808,1808,43894001,17,15
1809,1809,43895001,20,26
1810,1810,43896001,15,31
1811,1811,43897001,26,17
1812,1812,43898001,24,14
1813,1813,43899001,22,16
1814,1814,43900001,21,28
1815,1815,43901001,10,35
1816,1816,43902001,25,19
1817,1817,43903001,13,21
1818,1818,43904001,21,17
1819,1819,43905001,7,24
1820,1820,43906001,18,32
1821,1821,43907001,24,18
1822,1822,43908001,18,22
1823,1823,43909001,16,29
1824,1824,43910001,15,22
1825,1825,43911001,13,29
1826,1826,43912001,25,13
1827,1827,43913001,9,30
1828,1828,43914001,16,24
1829,1829,43915001,19,20
1830,1830,43916001,19,28
1831,1831,43917001,20,18
1832,1832,43918001,26,16
1833,1833,43919001,26,13
1834,1834,43920001,15,30
1835,1835,43921001,16,26
1836,1836,43922001,28,10
1837,1837,43923001,14,25
1838,1838,43924001,24,21
1839,1839,43925001,24,20
1840,1840,43926001,23,15
1841,1841,43927001,22,21
1842,1842,43928001,21,20
1843,1843,43929001,23,22
1844,1844,43930001,16,29
1845,1845,43931001,20,22
1846,1846,43932001,23,22
1847,1847,43933001,18,30
1848,1848,43934001,25,17
1849,1849,43935001,27,19
1850,1850,43936001,31,13
1851,1851,43937001,24,15
1852,1852,43938001,12,30
1853,1853,43939001,20,24
1854,1854,43940001,28,20
1855,1855,43941001,24,17
1856,1856,43942001,17,20
1857,1857,43943001,20,24
1858,1858,43944001,30,17
1859,1859,43945001,26,9
1860,1860,43946001,21,16
1861,1861,43947001,21,34
1862,1862,43948001,17,21
1863,1863,43949001,24,15
1864,1864,43950001,16,24
1865,1865,43951001,23,23
1866,1866,43952001,20,26
1867,1867,43953001,27,17
1868,1868,43954001,15,29
1869,1869,43955001,16,30
1870,1870,43956001,23,26
1871,1871,43957001,20,17
1872,1872,43958001,17,37
1873,1873,43959001,16,23
1874,1874,43960001,25,18
1875,1875,43961001,20,24
1876,1876,43962001,25,20
1877,1877,43963001,10,31
1878,1878,43964001,14,26
1879,1879,43965001,8,36
1880,1880,43966001,15,26
1881,1881,43967001,22,24
1882,1882,43968001,13,22
1883,1883,43969001,22,20
1884,1884,43970001,22,16
1885,1885,43971001,18,27
1886,1886,43972001,28,15
1887,1887,43973001,12,35
1888,1888,43974001,18,28
1889,1889,43975001,14,23
1890,1890,43976001,22,19
1891,1891,43977001,8,35
1892,1892,43978001,19,22
1893,1893,43979001,16,24
1894,1894,43980001,14,31
1895,1895,43981001,19,11
1896,1896,43982001,18,24
1897,1897,43983001,22,25
1898,1898,43984001,25,10
1899,1899,43985001,27,19
1900,1900,43986001,13,22
1901,1901,43987001,27,22
1902,1902,43988001,17,27
1903,1903,43989001,22,19
1904,1904,43990001,18,25
1905,1905,43991001,23,27
1906,1906,43992001,28,13
1907,1907,43993001,28,18
1908,1908,43994001,13,30
1909,1909,43995001,24,14
1910,1910,43996001,20,18
1911,1911,43997001,20,21
1912,1912,43998001,24,17
1913,1913,43999001,18,19
1914,1914,44000001,13,34
1915,1915,44001001,11,30
1916,1916,44002001,16,26
1917,1917,44003001,16,32
1918,1918,44004001,21,15
1919,1919,44005001,14,35
1920,1920,44006001,13,37
1921,1921,44007001,17,24
1922,1922,44008001,17,29
1923,1923,44009001,7,34
1924,1924,44010001,19,22
1925,1925,44011001,19,30
1926,1926,44012001,16,31
1927,1927,44013001,7,40
1928,1928,44014001,26,20
1929,1929,44015001,22,11
1930,1930,44016001,33,8
1931,1931,44017001,34,9
1932,1932,44018001,23,10
1933,1933,44019001,32,7
1934,1934,44020001,32,7
1935,1935,44021001,35,9
1936,1936,44022001,31,9
1937,1937,44023001,33,11
1938,1938,44024001,26,14
1939,1939,44025001,29,16
1940,1940,44026001,28,9
1941,1941,44027001,23,6
1942,1942,44028001,23,14
1943,1943,44029001,25,10
1944,1944,44030001,24,12
1945,1945,44031001,23,11
1946,1946,44032001,29,7
1947,1947,44033001,34,6
1948,1948,44034001,27,12
1949,1949,44035001,24,13
1950,1950,44036001,31,14
1951,1951,44037001,22,13
1952,1952,44038001,30,17
1953,1953,44039001,31,13
1954,1954,44040001,24,9
1955,1955,44041001,29,4
1956,1956,44042001,26,4
1957,1957,44043001,26,8
1958,1958,44044001,31,12
1959,1959,44045001,29,8
1960,1960,44046001,28,16
1961,1961,44047001,17,22
1962,1962,44048001,22,23
1963,1963,44049001,30,13
1964,1964,44050001,25,14
1965,1965,44051001,29,14
1966,1966,44052001,22,21
1967,1967,44053001,22,27
1968,1968,44054001,12,20
1969,1969,44055001,22,19
1970,1970,44056001,26,18
1971,1971,44057001,20,25
1972,1972,44058001,21,14
1973,1973,44059001,24,24
1974,1974,44060001,18,26
1975,1975,44061001,24,9
1976,1976,44062001,27,15
1977,1977,44063001,14,30
1978,1978,44064001,16,25
1979,1979,44065001,20,14
1980,1980,44066001,12,30
1981,1981,44067001,21,21
1982,1982,44068001,19,16
1983,1983,44069001,15,29
1984,1984,44070001,28,6
1985,1985,44071001,15,25
1986,1986,44072001,14,32
1987,1987,44073001,22,14
1988,1988,44074001,18,28
1989,1989,44075001,18,17
1990,1990,44076001,30,14
1991,1991,44077001,15,25
1992,1992,44078001,19,20
1993,1993,44079001,17,30
1994,1994,44080001,25,19
1995,1995,44081001,24,16
1996,1996,44082001,12,31
1997,1997,44083001,16,34
1998,1998,44084001,27,24
1999,1999,44085001,23,24
2000,2000,44086001,16,18
2001,2001,44087001,23,22
2002,2002,44088001,31,12
2003,2003,44089001,27,19
2004,2004,44090001,15,22
2005,2005,44091001,22,21
2006,2006,44092001,19,20
2007,2007,44093001,33,10
2008,2008,44094001,24,22
2009,2009,44095001,22,16
2010,2010,44096001,16,28
2011,2011,44097001,23,15
2012,2012,44098001,26,15
2013,2013,44099001,21,19
2014,2014,44100001,22,19
2015,2015,44101001,33,9
2016,2016,44102001,18,25
2017,2017,44103001,24,17
2018,2018,44104001,18,26
2019,2019,44105001,29,14
2020,2020,44106001,17,19
2021,2021,44107001,10,35
2022,2022,44108001,30,7
2023,2023,44109001,26,17
2024,2024,44110001,18,18
2025,2025,44111001,29,15
2026,2026,44112001,14,25
2027,2027,44113001,23,20
2028,2028,44114001,13,27
2029,2029,44115001,20,15
2030,2030,44116001,22,22
2031,2031,44117001,16,31
2032,2032,44118001,6,37
2033,2033,44119001,20,25
2034,2034,44120001,24,21
2035,2035,44121001,19,26
2036,2036,44122001,-2,51
2037,2037,44123001,-14,72
2038,2038,44124001,2,55
2039,2039,44125001,-3,65
2040,2040,44126001,25,16
2041,2041,44127001,19,24
2042,2042,44128001,13,26
2043,2043,44129001,5,32
2044,2044,44130001,12,39
2045,2045,44131001,10,37
2046,2046,44132001,17,31
2047,2047,44133001,16,23
2048,2048,44134001,11,32
2049,2049,44135001,22,21
2050,2050,44136001,22,23
2051,2051,44137001,30,13
2052,2052,44138001,16,19
2053,2053,44139001,19,19
2054,2054,44140001,26,8
2055,2055,44141001,17,33
2056,2056,44142001,19,28
2057,2057,44143001,18,27
2058,2058,44144001,15,31
2059,2059,44145001,22,23
2060,2060,44146001,23,23
2061,2061,44147001,19,21
2062,2062,44148001,22,27
2063,2063,44149001,27,18
2064,2064,44150001,16,30
2065,2065,44151001,21,24
2066,2066,44152001,12,32
2067,2067,44153001,23,23
2068,2068,44154001,17,23
2069,2069,44155001,9,32
2070,2070,44156001,16,22
2071,2071,44157001,10,31
2072,2072,44158001,26,23
2073,2073,44159001,21,20
2074,2074,44160001,26,14
