,Unnamed: 0,SKU,InStock,NumberOrdered
0,0,42081001,28,20
1,1,42082001,22,17
2,2,42083001,15,18
3,3,42084001,12,26
4,4,42085001,19,25
5,5,42086001,29,14
6,6,42087001,22,19
7,7,42088001,9,37
8,8,42089001,8,33
9,9,42090001,30,12
10,10,42091001,17,27
11,11,42092001,21,15
12,12,42093001,25,23
13,13,42094001,31,13
14,14,42095001,18,29
15,15,42096001,19,23
16,16,42097001,26,11
17,17,42098001,22,20
18,18,42099001,23,27
19,19,42100001,24,18
20,20,42101001,15,15
21,21,42102001,17,21
22,22,42103001,16,24
23,23,42104001,24,27
24,24,42105001,24,18
25,25,42106001,19,33
26,26,42107001,17,26
27,27,42108001,25,19
28,28,42109001,18,19
29,29,42110001,13,28
30,30,42111001,22,15
31,31,42112001,21,20
32,32,42113001,16,36
33,33,42114001,23,25
34,34,42115001,19,24
35,35,42116001,20,23
36,36,42117001,27,22
37,37,42118001,18,29
38,38,42119001,28,17
39,39,42120001,17,21
40,40,42121001,25,20
41,41,42122001,27,17
42,42,42123001,13,20
43,43,42124001,14,30
44,44,42125001,17,29
45,45,42126001,20,22
46,46,42127001,22,13
47,47,42128001,23,30
48,48,42129001,17,32
49,49,42130001,15,25
50,50,42131001,19,25
51,51,42132001,9,31
52,52,42133001,21,14
53,53,42134001,29,9
54,54,42135001,15,20
55,55,42136001,23,20
56,56,42137001,28,18
57,57,42138001,29,13
58,58,42139001,23,22
59,59,42140001,11,31
60,60,42141001,15,31
61,61,42142001,15,27
62,62,42143001,16,17
63,63,42144001,17,20
64,64,42145001,28,16
65,65,42146001,21,13
66,66,42147001,21,25
67,67,42148001,22,17
68,68,42149001,31,3
69,69,42150001,26,6
70,70,42151001,33,14
71,71,42152001,26,18
72,72,42153001,32,11
73,73,42154001,31,3
74,74,42155001,35,5
75,75,42156001,18,22
76,76,42157001,28,16
77,77,42158001,15,22
78,78,42159001,19,26
79,79,42160001,17,18
80,80,42161001,19,19
81,81,42162001,26,15
82,82,42163001,24,22
83,83,42164001,24,24
84,84,42165001,28,5
85,85,42166001,24,17
86,86,42167001,24,21
87,87,42168001,23,24
88,88,42169001,26,18
89,89,42170001,12,22
90,90,42171001,17,31
91,91,42172001,20,23
92,92,42173001,18,25
93,93,42174001,25,14
94,94,42175001,16,16
95,95,42176001,20,21
96,96,42177001,20,24
97,97,42178001,19,31
98,98,42179001,21,19
99,99,42180001,12,27
100,100,42181001,20,25
101,101,42182001,15,32
102,102,42183001,27,10
103,103,42184001,27,12
104,104,42185001,14,38
105,105,42186001,14,25
106,106,42187001,15,31
107,107,42188001,25,16
108,108,42189001,19,30
109,109,42190001,18,12
110,110,42191001,13,35
111,111,42192001,29,15
112,112,42193001,24,18
113,113,42194001,18,18
114,114,42195001,20,19
115,115,42196001,15,24
116,116,42197001,23,10
117,117,42198001,17,31
118,118,42199001,22,13
119,119,42200001,24,19
120,120,42201001,30,20
121,121,42202001,18,15
122,122,42203001,16,20
123,123,42204001,29,17
124,124,42205001,28,13
125,125,42206001,26,20
126,126,42207001,20,22
127,127,42208001,19,22
128,128,42209001,16,27
129,129,42210001,23,24
130,130,42211001,19,37
131,131,42212001,21,28
132,132,42213001,24,12
133,133,42214001,21,24
134,134,42215001,22,32
135,135,42216001,27,13
136,136,42217001,21,19
137,137,42218001,28,20
138,138,42219001,17,26
139,139,42220001,28,18
140,140,42221001,19,9
141,141,42222001,25,10
142,142,42223001,25,17
143,143,42224001,14,20
144,144,42225001,23,13
145,145,42226001,24,19
146,146,42227001,23,22
147,147,42228001,21,20
148,148,42229001,25,19
149,149,42230001,19,17
150,150,42231001,22,30
151,151,42232001,20,21
152,152,42233001,28,11
153,153,42234001,21,23
154,154,42235001,14,27
155,155,42236001,22,28
156,156,42237001,14,31
157,157,42238001,18,22
158,158,42239001,27,18
159,159,42240001,22,20
160,160,42241001,9,30
161,161,42242001,15,28
162,162,42243001,17,42
163,163,42244001,19,18
164,164,42245001,18,28
165,165,42246001,17,26
166,166,42247001,19,24
167,167,42248001,17,29
168,168,42249001,19,17
169,169,42250001,21,26
170,170,42251001,21,17
171,171,42252001,19,21
172,172,42253001,12,22
173,173,42254001,14,29
174,174,42255001,24,15
175,175,42256001,14,25
176,176,42257001,24,15
177,177,42258001,10,27
178,178,42259001,17,19
179,179,42260001,25,14
180,180,42261001,16,17
181,181,42262001,18,20
182,182,42263001,21,29
183,183,42264001,4,47
184,184,42265001,16,28
185,185,42266001,8,41
186,186,42267001,-2,46
187,187,42268001,20,22
188,188,42269001,-1,50
189,189,42270001,23,27
190,190,42271001,21,24
191,191,42272001,7,38
192,192,42273001,21,18
193,193,42274001,27,18
194,194,42275001,24,21
195,195,42276001,21,26
196,196,42277001,14,30
197,197,42278001,19,26
198,198,42279001,19,17
199,199,42280001,17,23
200,200,42281001,18,25
201,201,42282001,15,23
202,202,42283001,16,20
203,203,42284001,27,17
204,204,42285001,20,13
205,205,42286001,19,17
206,206,42287001,6,31
207,207,42288001,19,24
208,208,42289001,13,32
209,209,42290001,17,23
210,210,42291001,20,14
211,211,42292001,15,25
212,212,42293001,23,11
213,213,42294001,22,24
214,214,42295001,19,25
215,215,42296001,19,37
216,216,42297001,25,21
217,217,42298001,22,25
218,218,42299001,26,22
219,219,42300001,26,18
220,220,42301001,21,21
221,221,42302001,21,18
222,222,42303001,24,17
223,223,42304001,30,9
224,224,42305001,24,14
225,225,42306001,23,21
226,226,42307001,24,19
227,227,42308001,18,27
228,228,42309001,19,13
229,229,42310001,19,21
230,230,42311001,-115,229
231,231,42312001,-124,249
232,232,42313001,-114,248
233,233,42314001,-104,211
234,234,42315001,23,11
235,235,42316001,18,19
236,236,42317001,16,25
237,237,42318001,26,15
238,238,42319001,12,28
239,239,42320001,17,21
240,240,42321001,8,35
241,241,42322001,21,29
242,242,42323001,18,19
243,243,42324001,20,23
244,244,42325001,14,29
245,245,42326001,16,29
246,246,42327001,24,10
247,247,42328001,17,26
248,248,42329001,13,24
249,249,42330001,24,22
250,250,42331001,-1,55
251,251,42332001,18,18
252,252,42333001,27,14
253,253,42334001,9,45
254,254,42335001,0,52
255,255,42336001,18,24
256,256,42337001,27,22
257,257,42338001,19,21
258,258,42339001,15,25
259,259,42340001,18,25
260,260,42341001,23,23
261,261,42342001,24,22
262,262,42343001,14,29
263,263,42344001,20,24
264,264,42345001,19,17
265,265,42346001,18,31
266,266,42347001,17,26
267,267,42348001,19,17
268,268,42349001,-7,60
269,269,42350001,-4,54
270,270,42351001,21,14
271,271,42352001,16,23
272,272,42353001,21,22
273,273,42354001,28,12
274,274,42355001,-263,463
275,275,42356001,-239,386
276,276,42357001,-274,457
277,277,42358001,-264,436
278,278,42359001,-285,472
279,279,42360001,-253,434
280,280,42361001,17,30
281,281,42362001,22,21
282,282,42363001,27,15
283,283,42364001,24,25
284,284,42365001,23,24
285,285,42366001,14,26
286,286,42367001,23,19
287,287,42368001,25,27
288,288,42369001,19,27
289,289,42370001,30,8
290,290,42371001,14,26
291,291,42372001,33,13
292,292,42373001,15,24
293,293,42374001,24,13
294,294,42375001,21,21
295,295,42376001,24,24
296,296,42377001,20,12
297,297,42378001,18,22
298,298,42379001,15,17
299,299,42380001,20,25
300,300,42381001,18,25
301,301,42382001,22,27
302,302,42383001,23,23
303,303,42384001,23,27
304,304,42385001,17,18
305,305,42386001,31,10
306,306,42387001,26,18
307,307,42388001,18,38
308,308,42389001,21,22
309,309,42390001,19,31
310,310,42391001,16,16
311,311,42392001,9,30
312,312,42393001,15,27
313,313,42394001,26,21
314,314,42395001,29,16
315,315,42396001,20,29
316,316,42397001,20,24
317,317,42398001,14,19
318,318,42399001,25,20
319,319,42400001,25,19
320,320,42401001,17,18
321,321,42402001,18,32
322,322,42403001,8,33
323,323,42404001,8,35
324,324,42405001,20,22
325,325,42406001,16,19
326,326,42407001,19,30
327,327,42408001,17,31
328,328,42409001,15,28
329,329,42410001,27,17
330,330,42411001,14,28
331,331,42412001,24,23
332,332,42413001,21,29
333,333,42414001,23,26
334,334,42415001,14,27
335,335,42416001,20,28
336,336,42417001,28,13
337,337,42418001,21,29
338,338,42419001,19,19
339,339,42420001,20,20
340,340,42421001,20,21
341,341,42422001,22,16
342,342,42423001,18,25
343,343,42424001,11,30
344,344,42425001,14,21
345,345,42426001,24,22
346,346,42427001,25,10
347,347,42428001,21,24
348,348,42429001,10,29
349,349,42430001,21,26
350,350,42431001,13,19
351,351,42432001,16,18
352,352,42433001,24,13
353,353,42434001,14,39
354,354,42435001,21,25
355,355,42436001,26,14
356,356,42437001,7,28
357,357,42438001,21,21
358,358,42439001,13,32
359,359,42440001,20,20
360,360,42441001,18,27
361,361,42442001,24,22
362,362,42443001,15,28
363,363,42444001,21,30
364,364,42445001,14,38
365,365,42446001,27,15
366,366,42447001,16,33
367,367,42448001,7,34
368,368,42449001,16,34
369,369,42450001,22,19
370,370,42451001,16,25
371,371,42452001,20,28
372,372,42453001,23,20
373,373,42454001,16,26
374,374,42455001,18,32
375,375,42456001,22,33
376,376,42457001,25,15
377,377,42458001,24,15
378,378,42459001,23,20
379,379,42460001,27,16
380,380,42461001,23,15
381,381,42462001,23,22
382,382,42463001,18,25
383,383,42464001,16,22
384,384,42465001,10,30
385,385,42466001,17,27
386,386,42467001,23,21
387,387,42468001,21,11
388,388,42469001,23,19
389,389,42470001,22,26
390,390,42471001,18,25
391,391,42472001,17,17
392,392,42473001,22,14
393,393,42474001,16,21
394,394,42475001,25,11
395,395,42476001,11,26
396,396,42477001,28,14
397,397,42478001,21,26
398,398,42479001,25,16
399,399,42480001,15,18
400,400,42481001,21,29
401,401,42482001,20,19
402,402,42483001,24,16
403,403,42484001,28,13
404,404,42485001,16,21
405,405,42486001,17,17
406,406,42487001,15,23
407,407,42488001,18,32
408,408,42489001,25,22
409,409,42490001,15,32
410,410,42491001,24,17
411,411,42492001,16,31
412,412,42493001,18,29
413,413,42494001,22,23
414,414,42495001,28,12
415,415,42496001,24,21
416,416,42497001,24,22
417,417,42498001,22,23
418,418,42499001,17,30
419,419,42500001,20,14
420,420,42501001,21,23
421,421,42502001,16,26
422,422,42503001,23,15
423,423,42504001,16,21
424,424,42505001,14,20
425,425,42506001,19,26
426,426,42507001,27,14
427,427,42508001,11,22
428,428,42509001,28,16
429,429,42510001,24,26
430,430,42511001,25,17
431,431,42512001,30,12
432,432,42513001,23,24
433,433,42514001,23,19
434,434,42515001,26,17
435,435,42516001,14,27
436,436,42517001,12,35
437,437,42518001,17,20
438,438,42519001,23,17
439,439,42520001,7,42
440,440,42521001,8,52
441,441,42522001,-9,76
442,442,42523001,-2,57
443,443,42524001,-7,58
444,444,42525001,8,36
445,445,42526001,-4,46
446,446,42527001,-1,46
447,447,42528001,-17,72
448,448,42529001,-6,53
449,449,42530001,14,23
450,450,42531001,26,18
451,451,42532001,26,22
452,452,42533001,9,44
453,453,42534001,29,19
454,454,42535001,12,42
455,455,42536001,17,28
456,456,42537001,27,15
457,457,42538001,21,23
458,458,42539001,18,23
459,459,42540001,18,17
460,460,42541001,22,23
461,461,42542001,19,18
462,462,42543001,24,22
463,463,42544001,19,23
464,464,42545001,18,27
465,465,42546001,17,28
466,466,42547001,16,29
467,467,42548001,23,21
468,468,42549001,18,16
469,469,42550001,18,29
470,470,42551001,20,26
471,471,42552001,27,16
472,472,42553001,25,18
473,473,42554001,24,16
474,474,42555001,15,29
475,475,42556001,16,29
476,476,42557001,21,22
477,477,42558001,18,27
478,478,42559001,18,13
479,479,42560001,19,16
480,480,42561001,18,39
481,481,42562001,-6,59
482,482,42563001,-11,69
483,483,42564001,6,49
484,484,42565001,14,23
485,485,42566001,-3,54
486,486,42567001,-1,50
487,487,42568001,-3,53
488,488,42569001,22,16
489,489,42570001,4,44
490,490,42571001,7,42
491,491,42572001,-1,65
492,492,42573001,1,66
493,493,42574001,-11,66
494,494,42575001,-1,58
495,495,42576001,4,53
496,496,42577001,3,38
497,497,42578001,23,23
498,498,42579001,18,25
499,499,42580001,7,50
500,500,42581001,-6,64
501,501,42582001,6,34
502,502,42583001,9,46
503,503,42584001,1,48
504,504,42585001,27,18
505,505,42586001,20,23
506,506,42587001,12,20
507,507,42588001,16,29
508,508,42589001,21,15
509,509,42590001,19,17
510,510,42591001,20,20
511,511,42592001,15,37
512,512,42593001,24,22
513,513,42594001,16,24
514,514,42595001,25,22
515,515,42596001,22,21
516,516,42597001,22,31
517,517,42598001,18,26
518,518,42599001,28,4
519,519,42600001,28,15
520,520,42601001,31,1
521,521,42602001,34,7
522,522,42603001,23,9
523,523,42604001,30,8
524,524,42605001,30,10
525,525,42606001,24,7
526,526,42607001,28,7
527,527,42608001,34,8
528,528,42609001,37,5
529,529,42610001,30,14
530,530,42611001,28,7
531,531,42612001,33,16
532,532,42613001,33,8
533,533,42614001,29,10
534,534,42615001,25,11
535,535,42616001,26,14
536,536,42617001,28,13
537,537,42618001,31,10
538,538,42619001,32,7
539,539,42620001,25,10
540,540,42621001,30,9
541,541,42622001,16,26
542,542,42623001,17,21
543,543,42624001,18,25
544,544,42625001,20,24
545,545,42626001,17,28
546,546,42627001,25,15
547,547,42628001,24,18
548,548,42629001,23,24
549,549,42630001,14,30
550,550,42631001,20,24
551,551,42632001,19,13
552,552,42633001,24,15
553,553,42634001,24,27
554,554,42635001,20,26
555,555,42636001,24,27
556,556,42637001,18,26
557,557,42638001,17,24
558,558,42639001,19,25
559,559,42640001,26,20
560,560,42641001,20,31
561,561,42642001,12,26
562,562,42643001,24,22
563,563,42644001,13,35
564,564,42645001,19,20
565,565,42646001,23,15
566,566,42647001,23,23
567,567,42648001,23,18
568,568,42649001,19,23
569,569,42650001,25,16
570,570,42651001,12,31
571,571,42652001,13,29
572,572,42653001,15,21
573,573,42654001,14,32
574,574,42655001,22,18
575,575,42656001,14,27
576,576,42657001,24,13
577,577,42658001,21,21
578,578,42659001,20,23
579,579,42660001,22,27
580,580,42661001,17,19
581,581,42662001,22,18
582,582,42663001,11,25
583,583,42664001,25,20
584,584,42665001,20,29
585,585,42666001,13,26
586,586,42667001,24,17
587,587,42668001,24,24
588,588,42669001,25,23
589,589,42670001,26,13
590,590,42671001,3,41
591,591,42672001,17,17
592,592,42673001,17,19
593,593,42674001,15,23
594,594,42675001,26,18
595,595,42676001,17,15
596,596,42677001,10,34
597,597,42678001,16,18
598,598,42679001,18,21
599,599,42680001,22,19
600,600,42681001,25,27
601,601,42682001,7,36
602,602,42683001,17,21
603,603,42684001,24,23
604,604,42685001,28,8
605,605,42686001,10,37
606,606,42687001,23,11
607,607,42688001,27,14
608,608,42689001,24,11
609,609,42690001,24,10
610,610,42691001,14,28
611,611,42692001,20,21
612,612,42693001,32,9
613,613,42694001,8,40
614,614,42695001,23,19
615,615,42696001,19,22
616,616,42697001,29,18
617,617,42698001,25,22
618,618,42699001,23,11
619,619,42700001,23,22
620,620,42701001,22,23
621,621,42702001,23,19
622,622,42703001,22,23
623,623,42704001,11,17
624,624,42705001,23,26
625,625,42706001,21,28
626,626,42707001,19,22
627,627,42708001,21,25
628,628,42709001,16,23
629,629,42710001,23,13
630,630,42711001,30,13
631,631,42712001,23,24
632,632,42713001,20,20
633,633,42714001,14,21
634,634,42715001,30,9
635,635,42716001,13,41
636,636,42717001,26,14
637,637,42718001,25,23
638,638,42719001,22,24
639,639,42720001,26,17
640,640,42721001,18,30
641,641,42722001,18,24
642,642,42723001,22,24
643,643,42724001,27,18
644,644,42725001,23,27
645,645,42726001,36,5
646,646,42727001,28,4
647,647,42728001,22,23
648,648,42729001,23,19
649,649,42730001,27,15
650,650,42731001,19,16
651,651,42732001,12,34
652,652,42733001,20,29
653,653,42734001,21,17
654,654,42735001,29,9
655,655,42736001,24,24
656,656,42737001,15,25
657,657,42738001,24,26
658,658,42739001,20,26
659,659,42740001,14,29
660,660,42741001,20,19
661,661,42742001,20,17
662,662,42743001,22,27
663,663,42744001,24,18
664,664,42745001,19,19
665,665,42746001,25,19
666,666,42747001,20,24
667,667,42748001,30,15
668,668,42749001,16,24
669,669,42750001,23,14
670,670,42751001,21,24
671,671,42752001,19,18
672,672,42753001,11,29
673,673,42754001,25,24
674,674,42755001,26,17
675,675,42756001,29,16
676,676,42757001,23,17
677,677,42758001,26,20
678,678,42760001,29,15
679,679,42762001,22,23
680,680,42763001,14,27
681,681,42764001,21,27
682,682,42765001,12,30
683,683,42766001,22,36
684,684,42767001,21,19
685,685,42768001,23,20
686,686,42769001,14,18
687,687,42770001,14,33
688,688,42771001,20,20
689,689,42772001,18,17
690,690,42773001,25,24
691,691,42774001,32,15
692,692,42775001,17,32
693,693,42776001,18,27
694,694,42777001,6,42
695,695,42778001,7,42
696,696,42779001,15,30
697,697,42780001,13,29
698,698,42781001,24,15
699,699,42782001,26,15
700,700,42783001,15,22
701,701,42784001,16,26
702,702,42785001,25,13
703,703,42786001,28,7
704,704,42787001,32,10
705,705,42788001,33,11
706,706,42789001,30,11
707,707,42790001,21,12
708,708,42791001,20,30
709,709,42792001,15,29
710,710,42793001,12,22
711,711,42794001,20,24
712,712,42795001,24,12
713,713,42796001,18,32
714,714,42797001,17,28
715,715,42798001,18,26
716,716,42799001,20,20
717,717,42800001,26,20
718,718,42801001,23,17
719,719,42802001,17,29
720,720,42803001,16,25
721,721,42804001,27,18
722,722,42805001,20,19
723,723,42806001,13,29
724,724,42807001,20,26
725,725,42808001,22,26
726,726,42809001,12,34
727,727,42810001,21,18
728,728,42811001,14,39
729,729,42812001,23,26
730,730,42813001,20,26
731,731,42814001,16,20
732,732,42815001,16,22
733,733,42816001,17,28
734,734,42817001,24,12
735,735,42818001,24,20
736,736,42819001,22,18
737,737,42820001,20,30
738,738,42821001,9,29
739,739,42822001,19,23
740,740,42823001,29,11
741,741,42824001,23,11
742,742,42825001,12,31
743,743,42826001,29,20
744,744,42827001,25,26
745,745,42828001,15,36
746,746,42829001,24,29
747,747,42830001,15,26
748,748,42831001,23,14
749,749,42832001,11,39
750,750,42833001,22,22
751,751,42834001,18,30
752,752,42835001,16,20
753,753,42836001,19,18
754,754,42837001,16,26
755,755,42838001,16,30
756,756,42839001,19,25
757,757,42840001,23,17
758,758,42841001,17,27
759,759,42842001,23,18
760,760,42843001,23,21
761,761,42844001,23,27
762,762,42845001,23,21
763,763,42846001,31,12
764,764,42847001,17,27
765,765,42848001,22,19
766,766,42849001,25,17
767,767,42850001,5,37
768,768,42851001,25,16
769,769,42852001,30,14
770,770,42853001,12,22
771,771,42854001,16,21
772,772,42855001,15,27
773,773,42856001,24,27
774,774,42857001,22,24
775,775,42858001,17,32
776,776,42859001,15,27
777,777,42860001,22,14
778,778,42861001,19,15
779,779,42863001,22,19
780,780,42864001,23,26
781,781,42865001,14,22
782,782,42866001,20,24
783,783,42867001,26,17
784,784,42868001,16,29
785,785,42869001,18,30
786,786,42870001,17,30
787,787,42871001,21,24
788,788,42872001,17,34
789,789,42873001,17,20
790,790,42874001,11,31
791,791,42875001,25,18
792,792,42876001,19,17
793,793,42877001,23,20
794,794,42878001,25,26
795,795,42879001,25,14
796,796,42880001,22,12
797,797,42881001,22,29
798,798,42882001,19,24
799,799,42883001,25,14
800,800,42884001,28,13
801,801,42885001,23,19
802,802,42886001,23,20
803,803,42887001,16,18
804,804,42888001,19,18
805,805,42889001,9,32
806,806,42890001,14,24
807,807,42891001,19,27
808,808,42892001,14,20
809,809,42893001,19,13
810,810,42894001,16,27
811,811,42895001,25,20
812,812,42896001,23,23
813,813,42897001,12,42
814,814,42898001,25,22
815,815,42899001,4,43
816,816,42900001,21,33
817,817,42901001,12,25
818,818,42902001,12,30
819,819,42903001,15,17
820,820,42904001,15,27
821,821,42905001,21,25
822,822,42906001,15,27
823,823,42907001,22,23
824,824,42908001,20,21
825,825,42909001,16,33
826,826,42910001,19,23
827,827,42911001,27,19
828,828,42912001,24,21
829,829,42913001,23,21
830,830,42914001,20,27
831,831,42915001,17,28
832,832,42916001,18,18
833,833,42917001,12,25
834,834,42918001,20,19
835,835,42919001,11,32
836,836,42920001,14,31
837,837,42921001,24,18
838,838,42922001,18,27
839,839,42923001,17,32
840,840,42924001,25,19
841,841,42925001,17,24
842,842,42926001,17,32
843,843,42927001,23,20
844,844,42928001,22,22
845,845,42929001,22,31
846,846,42930001,20,27
847,847,42931001,24,13
848,848,42932001,8,34
849,849,42933001,22,26
850,850,42934001,22,22
851,851,42935001,19,17
852,852,42936001,21,23
853,853,42937001,21,17
854,854,42938001,19,19
855,855,42939001,19,14
856,856,42940001,18,24
857,857,42941001,21,24
858,858,42942001,15,38
859,859,42943001,21,17
860,860,42944001,25,25
861,861,42945001,16,35
862,862,42946001,24,16
863,863,42947001,29,12
864,864,42948001,26,15
865,865,42949001,11,23
866,866,42950001,28,24
867,867,42951001,20,19
868,868,42952001,22,17
869,869,42953001,22,25
870,870,42954001,27,19
871,871,42955001,21,24
872,872,42956001,14,33
873,873,42957001,19,18
874,874,42958001,25,13
875,875,42959001,31,6
876,876,42960001,26,14
877,877,42961001,20,22
878,878,42962001,30,10
879,879,42963001,23,16
880,880,42964001,12,25
881,881,42965001,21,23
882,882,42966001,16,25
883,883,42967001,27,14
884,884,42968001,17,34
885,885,42969001,21,18
886,886,42970001,17,28
887,887,42971001,26,21
888,888,42972001,20,16
889,889,42973001,15,19
890,890,42974001,21,36
891,891,42975001,13,32
892,892,42976001,19,16
893,893,42977001,22,20
894,894,42978001,20,28
895,895,42979001,19,22
896,896,42980001,17,30
897,897,42981001,13,27
898,898,42982001,21,28
899,899,42983001,21,21
900,900,42984001,29,11
901,901,42985001,20,23
902,902,42986001,24,27
903,903,42987001,22,14
904,904,42988001,23,20
905,905,42989001,17,28
906,906,42990001,19,22
907,907,42991001,14,30
908,908,42992001,24,13
909,909,42993001,24,13
910,910,42994001,18,25
911,911,42995001,19,19
912,912,42996001,22,16
913,913,42997001,17,27
914,914,42998001,7,34
915,915,42999001,23,18
916,916,43000001,20,9
917,917,43001001,13,31
918,918,43002001,23,12
919,919,43003001,23,16
920,920,43004001,25,18
921,921,43005001,25,15
922,922,43006001,27,10
923,923,43007001,18,23
924,924,43008001,25,21
925,925,43009001,27,11
926,926,43010001,26,13
927,927,43011001,27,8
928,928,43012001,30,8
929,929,43013001,29,1
930,930,43014001,32,11
931,931,43015001,25,10
932,932,43016001,33,11
933,933,43017001,24,9
934,934,43018001,28,13
935,935,43019001,27,7
936,936,43020001,29,16
937,937,43021001,33,11
938,938,43022001,24,14
939,939,43023001,33,4
940,940,43024001,27,10
941,941,43025001,22,14
942,942,43026001,24,8
943,943,43027001,31,9
944,944,43028001,24,7
945,945,43029001,32,10
946,946,43030001,25,11
947,947,43031001,35,5
948,948,43032001,26,18
949,949,43033001,29,8
950,950,43034001,29,13
951,951,43035001,32,10
952,952,43036001,29,9
953,953,43037001,30,12
954,954,43038001,23,13
955,955,43039001,30,4
956,956,43040001,30,8
957,957,43041001,30,7
958,958,43042001,29,12
959,959,43043001,19,27
960,960,43044001,19,18
961,961,43045001,24,23
962,962,43046001,25,19
963,963,43047001,20,27
964,964,43048001,20,27
965,965,43049001,30,13
966,966,43050001,19,14
967,967,43051001,23,16
968,968,43052001,24,15
969,969,43053001,18,29
970,970,43054001,20,19
971,971,43055001,17,27
972,972,43056001,24,25
973,973,43057001,20,24
974,974,43058001,19,31
975,975,43059001,20,12
976,976,43060001,19,17
977,977,43061001,15,27
978,978,43062001,23,24
979,979,43063001,16,22
980,980,43064001,18,30
981,981,43065001,21,24
982,982,43066001,24,28
983,983,43067001,15,34
984,984,43068001,20,24
985,985,43071001,26,22
986,986,43072001,24,15
987,987,43073001,13,32
988,988,43074001,19,20
989,989,43075001,24,15
990,990,43076001,10,23
991,991,43077001,12,28
992,992,43078001,21,25
993,993,43079001,22,11
994,994,43080001,15,26
995,995,43081001,15,22
996,996,43082001,25,18
997,997,43083001,19,34
998,998,43084001,19,23
999,999,43085001,13,27
1000,1000,43086001,25,12
1001,1001,43087001,18,28
1002,1002,43088001,17,27
1003,1003,43089001,22,16
1004,1004,43090001,20,23
1005,1005,43091001,28,17
1006,1006,43092001,26,17
1007,1007,43093001,16,36
1008,1008,43094001,20,19
1009,1009,43095001,20,23
1010,1010,43096001,17,25
1011,1011,43097001,22,25
1012,1012,43098001,27,22
1013,1013,43099001,21,24
1014,1014,43100001,19,22
1015,1015,43101001,25,20
1016,1016,43102001,31,11
1017,1017,43103001,20,27
1018,1018,43104001,31,19
1019,1019,43105001,19,20
1020,1020,43106001,25,18
1021,1021,43107001,21,24
1022,1022,43108001,24,10
1023,1023,43109001,18,28
1024,1024,43110001,13,38
1025,1025,43111001,26,14
1026,1026,43112001,16,22
1027,1027,43113001,25,16
1028,1028,43114001,23,23
1029,1029,43115001,11,36
1030,1030,43116001,22,22
1031,1031,43117001,23,26
1032,1032,43118001,20,27
1033,1033,43119001,21,9
1034,1034,43120001,12,33
1035,1035,43121001,20,26
1036,1036,43122001,16,19
1037,1037,43123001,13,25
1038,1038,43124001,22,18
1039,1039,43125001,20,21
1040,1040,43126001,21,16
1041,1041,43127001,17,32
1042,1042,43128001,16,25
1043,1043,43129001,17,17
1044,1044,43130001,21,32
1045,1045,43131001,11,25
1046,1046,43132001,15,30
1047,1047,43133001,18,24
1048,1048,43134001,20,14
1049,1049,43135001,19,23
1050,1050,43136001,24,29
1051,1051,43137001,13,27
1052,1052,43138001,10,38
1053,1053,43139001,19,26
1054,1054,43140001,16,30
1055,1055,43141001,20,16
1056,1056,43142001,13,25
1057,1057,43143001,18,31
1058,1058,43144001,20,19
1059,1059,43145001,31,13
1060,1060,43146001,17,30
1061,1061,43147001,26,17
1062,1062,43148001,23,28
1063,1063,43149001,23,18
1064,1064,43150001,31,11
1065,1065,43151001,25,20
1066,1066,43152001,9,34
1067,1067,43153001,28,23
1068,1068,43154001,19,34
1069,1069,43155001,15,32
1070,1070,43156001,22,25
1071,1071,43157001,16,31
1072,1072,43158001,24,21
1073,1073,43159001,18,16
1074,1074,43160001,17,16
1075,1075,43161001,18,26
1076,1076,43162001,14,29
1077,1077,43163001,18,23
1078,1078,43164001,17,19
1079,1079,43165001,18,24
1080,1080,43166001,18,41
1081,1081,43167001,24,23
1082,1082,43168001,27,18
1083,1083,43169001,12,21
1084,1084,43170001,22,16
1085,1085,43171001,11,26
1086,1086,43172001,29,15
1087,1087,43173001,24,13
1088,1088,43174001,21,16
1089,1089,43175001,18,21
1090,1090,43176001,16,26
1091,1091,43177001,25,21
1092,1092,43178001,16,28
1093,1093,43179001,25,13
1094,1094,43180001,22,22
1095,1095,43181001,19,28
1096,1096,43182001,26,15
1097,1097,43183001,20,22
1098,1098,43184001,17,30
1099,1099,43185001,25,19
1100,1100,43186001,21,19
1101,1101,43187001,30,13
1102,1102,43188001,20,26
1103,1103,43189001,18,20
1104,1104,43190001,19,33
1105,1105,43191001,16,23
1106,1106,43192001,27,20
1107,1107,43193001,11,32
1108,1108,43194001,19,23
1109,1109,43195001,17,35
1110,1110,43196001,17,23
1111,1111,43197001,17,17
1112,1112,43198001,14,27
1113,1113,43199001,10,30
1114,1114,43200001,26,13
1115,1115,43201001,18,31
1116,1116,43202001,16,17
1117,1117,43203001,16,31
1118,1118,43204001,26,15
1119,1119,43205001,20,20
1120,1120,43206001,21,26
1121,1121,43207001,19,23
1122,1122,43208001,24,23
1123,1123,43209001,20,14
1124,1124,43210001,28,10
1125,1125,43211001,29,6
1126,1126,43212001,37,1
1127,1127,43213001,32,8
1128,1128,43214001,25,17
1129,1129,43215001,26,15
1130,1130,43216001,32,13
1131,1131,43217001,24,9
1132,1132,43218001,35,3
1133,1133,43219001,30,15
1134,1134,43220001,20,21
1135,1135,43221001,20,19
1136,1136,43222001,18,29
1137,1137,43223001,24,19
1138,1138,43224001,14,24
1139,1139,43225001,19,18
1140,1140,43226001,21,23
1141,1141,43227001,22,19
1142,1142,43228001,20,21
1143,1143,43229001,12,25
1144,1144,43230001,20,24
1145,1145,43231001,24,20
1146,1146,43232001,28,14
1147,1147,43233001,12,24
1148,1148,43234001,23,26
1149,1149,43235001,23,18
1150,1150,43236001,27,14
1151,1151,43237001,18,24
1152,1152,43238001,25,18
1153,1153,43239001,25,21
1154,1154,43240001,24,12
1155,1155,43241001,19,25
1156,1156,43242001,14,29
1157,1157,43243001,17,18
1158,1158,43244001,13,24
1159,1159,43245001,25,22
1160,1160,43246001,23,13
1161,1161,43247001,8,34
1162,1162,43248001,14,28
1163,1163,43249001,23,24
1164,1164,43250001,17,21
1165,1165,43251001,28,15
1166,1166,43252001,17,24
1167,1167,43253001,27,8
1168,1168,43254001,30,14
1169,1169,43255001,27,4
1170,1170,43256001,30,6
1171,1171,43257001,27,6
1172,1172,43258001,22,17
1173,1173,43259001,28,13
1174,1174,43260001,35,5
1175,1175,43261001,35,4
1176,1176,43262001,33,6
1177,1177,43263001,30,7
1178,1178,43264001,28,5
1179,1179,43265001,25,19
1180,1180,43266001,27,16
1181,1181,43267001,28,8
1182,1182,43268001,30,6
1183,1183,43269001,28,6
1184,1184,43270001,31,3
1185,1185,43271001,30,0
1186,1186,43272001,34,2
1187,1187,43273001,27,14
1188,1188,43274001,32,8
1189,1189,43275001,31,12
1190,1190,43276001,27,8
1191,1191,43277001,27,16
1192,1192,43278001,27,6
1193,1193,43279001,26,13
1194,1194,43280001,32,8
1195,1195,43281001,30,8
1196,1196,43282001,28,14
1197,1197,43283001,34,9
1198,1198,43284001,27,11
1199,1199,43285001,31,6
1200,1200,43286001,33,2
1201,1201,43287001,34,6
1202,1202,43288001,35,4
1203,1203,43289001,28,7
1204,1204,43290001,34,9
1205,1205,43291001,28,7
1206,1206,43292001,30,8
1207,1207,43293001,25,10
1208,1208,43294001,27,10
1209,1209,43295001,25,17
1210,1210,43296001,25,9
1211,1211,43297001,29,8
1212,1212,43298001,32,2
1213,1213,43299001,29,11
1214,1214,43300001,26,11
1215,1215,43301001,26,6
1216,1216,43302001,28,6
1217,1217,43303001,35,7
1218,1218,43304001,31,7
1219,1219,43305001,27,4
1220,1220,43306001,31,15
1221,1221,43307001,35,3
1222,1222,43308001,31,5
1223,1223,43309001,34,6
1224,1224,43310001,29,5
1225,1225,43311001,28,13
1226,1226,43312001,24,13
1227,1227,43313001,24,12
1228,1228,43314001,29,6
1229,1229,43315001,24,9
1230,1230,43316001,33,11
1231,1231,43317001,24,15
1232,1232,43318001,25,13
1233,1233,43319001,34,4
1234,1234,43320001,30,7
1235,1235,43321001,29,13
1236,1236,43322001,25,8
1237,1237,43323001,29,9
1238,1238,43324001,23,12
1239,1239,43325001,24,14
1240,1240,43326001,27,5
1241,1241,43327001,33,8
1242,1242,43328001,34,3
1243,1243,43329001,24,13
1244,1244,43330001,27,6
1245,1245,43331001,31,12
1246,1246,43332001,36,5
1247,1247,43333001,25,12
1248,1248,43334001,30,9
1249,1249,43335001,31,13
1250,1250,43336001,27,5
1251,1251,43337001,30,10
1252,1252,43338001,33,8
1253,1253,43339001,31,6
1254,1254,43340001,26,11
1255,1255,43341001,31,10
1256,1256,43342001,30,7
1257,1257,43343001,28,5
1258,1258,43344001,30,7
1259,1259,43345001,33,1
1260,1260,43346001,33,10
1261,1261,43347001,29,4
1262,1262,43348001,29,8
1263,1263,43349001,25,8
1264,1264,43350001,37,3
1265,1265,43351001,35,6
1266,1266,43352001,30,7
1267,1267,43353001,34,6
1268,1268,43354001,19,16
1269,1269,43355001,27,7
1270,1270,43356001,27,6
1271,1271,43357001,28,13
1272,1272,43358001,27,16
1273,1273,43359001,30,11
1274,1274,43360001,36,5
1275,1275,43361001,32,3
1276,1276,43362001,31,6
1277,1277,43363001,26,9
1278,1278,43364001,25,16
1279,1279,43365001,29,12
1280,1280,43366001,30,7
1281,1281,43367001,31,6
1282,1282,43368001,24,18
1283,1283,43369001,33,9
1284,1284,43370001,31,7
1285,1285,43371001,33,12
1286,1286,43372001,31,7
1287,1287,43373001,31,5
1288,1288,43374001,33,7
1289,1289,43375001,34,6
1290,1290,43376001,35,5
1291,1291,43377001,28,8
1292,1292,43378001,26,9
1293,1293,43379001,27,11
1294,1294,43380001,29,11
1295,1295,43381001,26,8
1296,1296,43382001,19,22
1297,1297,43383001,13,34
1298,1298,43384001,22,24
1299,1299,43385001,22,20
1300,1300,43386001,17,36
1301,1301,43387001,16,26
1302,1302,43388001,15,27
1303,1303,43389001,10,29
1304,1304,43390001,14,36
1305,1305,43391001,17,27
1306,1306,43392001,21,28
1307,1307,43393001,21,31
1308,1308,43394001,18,30
1309,1309,43395001,18,26
1310,1310,43396001,23,25
1311,1311,43397001,12,28
1312,1312,43398001,16,28
1313,1313,43399001,15,27
1314,1314,43400001,10,37
1315,1315,43401001,18,25
1316,1316,43402001,22,22
1317,1317,43403001,19,24
1318,1318,43404001,25,20
1319,1319,43405001,21,22
1320,1320,43406001,27,15
1321,1321,43407001,24,24
1322,1322,43408001,16,20
1323,1323,43409001,15,20
1324,1324,43410001,23,14
1325,1325,43411001,23,17
1326,1326,43412001,20,24
1327,1327,43413001,18,22
1328,1328,43414001,23,12
1329,1329,43415001,18,33
1330,1330,43416001,24,12
1331,1331,43417001,12,24
1332,1332,43418001,22,24
1333,1333,43419001,18,17
1334,1334,43420001,23,25
1335,1335,43421001,20,21
1336,1336,43422001,21,25
1337,1337,43423001,24,12
1338,1338,43424001,22,35
1339,1339,43425001,16,19
1340,1340,43426001,20,27
1341,1341,43427001,15,27
1342,1342,43428001,17,30
1343,1343,43429001,26,15
1344,1344,43430001,14,19
1345,1345,43431001,26,11
1346,1346,43432001,16,27
1347,1347,43433001,20,20
1348,1348,43434001,18,19
1349,1349,43435001,24,25
1350,1350,43436001,21,24
1351,1351,43437001,19,22
1352,1352,43438001,24,19
1353,1353,43439001,17,23
1354,1354,43440001,25,13
1355,1355,43441001,20,20
1356,1356,43442001,24,27
1357,1357,43443001,17,31
1358,1358,43444001,17,24
1359,1359,43445001,15,18
1360,1360,43446001,33,7
1361,1361,43447001,13,24
1362,1362,43448001,16,21
1363,1363,43449001,20,25
1364,1364,43450001,21,29
1365,1365,43451001,18,24
1366,1366,43452001,15,20
1367,1367,43453001,23,16
1368,1368,43454001,12,32
1369,1369,43455001,19,27
1370,1370,43456001,22,27
1371,1371,43457001,21,21
1372,1372,43458001,19,21
1373,1373,43459001,18,20
1374,1374,43460001,16,35
1375,1375,43461001,20,16
1376,1376,43462001,20,25
1377,1377,43463001,24,19
1378,1378,43464001,17,16
1379,1379,43465001,25,16
1380,1380,43466001,19,28
1381,1381,43467001,22,17
1382,1382,43468001,18,27
1383,1383,43469001,19,22
1384,1384,43470001,15,17
1385,1385,43471001,12,25
1386,1386,43472001,21,30
1387,1387,43473001,21,15
1388,1388,43474001,22,30
1389,1389,43475001,23,24
1390,1390,43476001,15,27
1391,1391,43477001,22,19
1392,1392,43478001,14,21
1393,1393,43479001,15,31
1394,1394,43480001,18,19
1395,1395,43481001,28,18
1396,1396,43482001,22,13
1397,1397,43483001,18,26
1398,1398,43484001,19,22
1399,1399,43485001,21,18
1400,1400,43486001,19,25
1401,1401,43487001,23,22
1402,1402,43488001,22,17
1403,1403,43489001,20,29
1404,1404,43490001,17,25
1405,1405,43491001,26,18
1406,1406,43492001,12,31
1407,1407,43493001,17,20
1408,1408,43494001,18,22
1409,1409,43495001,28,11
1410,1410,43496001,13,31
1411,1411,43497001,21,17
1412,1412,43498001,8,38
1413,1413,43499001,19,17
1414,1414,43500001,21,28
1415,1415,43501001,24,27
1416,1416,43502001,17,21
1417,1417,43503001,12,27
1418,1418,43504001,26,27
1419,1419,43505001,17,17
1420,1420,43506001,24,9
1421,1421,43507001,14,27
1422,1422,43508001,18,20
1423,1423,43509001,14,29
1424,1424,43510001,22,13
1425,1425,43511001,19,14
1426,1426,43512001,25,30
1427,1427,43513001,20,22
1428,1428,43514001,20,25
1429,1429,43515001,18,20
1430,1430,43516001,10,28
1431,1431,43517001,17,19
1432,1432,43518001,27,20
1433,1433,43519001,21,17
1434,1434,43520001,22,23
1435,1435,43521001,22,19
1436,1436,43522001,24,22
1437,1437,43523001,18,25
1438,1438,43524001,30,13
1439,1439,43525001,31,15
1440,1440,43526001,12,35
1441,1441,43527001,9,37
1442,1442,43528001,0,49
1443,1443,43529001,-6,56
1444,1444,43530001,12,32
1445,1445,43531001,14,34
1446,1446,43532001,13,28
1447,1447,43533001,18,18
1448,1448,43534001,20,20
1449,1449,43535001,16,28
1450,1450,43536001,18,24
1451,1451,43537001,17,19
1452,1452,43538001,15,41
1453,1453,43539001,15,24
1454,1454,43540001,24,13
1455,1455,43541001,25,16
1456,1456,43542001,8,36
1457,1457,43543001,26,3
1458,1458,43544001,16,27
1459,1459,43545001,25,19
1460,1460,43546001,25,21
1461,1461,43547001,16,22
1462,1462,43548001,23,13
1463,1463,43549001,20,30
1464,1464,43550001,14,29
1465,1465,43551001,22,25
1466,1466,43552001,16,28
1467,1467,43553001,22,20
1468,1468,43554001,18,24
1469,1469,43555001,24,17
1470,1470,43556001,17,26
1471,1471,43557001,13,25
1472,1472,43558001,23,21
1473,1473,43559001,17,23
1474,1474,43560001,16,26
1475,1475,43561001,28,10
1476,1476,43562001,20,21
1477,1477,43563001,23,18
1478,1478,43564001,15,23
1479,1479,43565001,17,25
1480,1480,43566001,19,15
1481,1481,43567001,22,15
1482,1482,43568001,15,28
1483,1483,43569001,22,13
1484,1484,43570001,22,20
1485,1485,43571001,27,16
1486,1486,43572001,24,13
1487,1487,43573001,21,27
1488,1488,43574001,21,22
1489,1489,43575001,22,27
1490,1490,43576001,20,27
1491,1491,43577001,15,26
1492,1492,43578001,16,36
1493,1493,43579001,24,17
1494,1494,43580001,22,26
1495,1495,43581001,17,17
1496,1496,43582001,14,32
1497,1497,43583001,16,22
1498,1498,43584001,22,14
1499,1499,43585001,15,24
1500,1500,43586001,27,11
1501,1501,43587001,17,32
1502,1502,43588001,23,21
1503,1503,43589001,13,31
1504,1504,43590001,24,19
1505,1505,43591001,21,19
1506,1506,43592001,17,18
1507,1507,43593001,21,27
1508,1508,43594001,12,24
1509,1509,43595001,14,25
1510,1510,43596001,12,32
1511,1511,43597001,22,25
1512,1512,43598001,18,26
1513,1513,43599001,11,28
1514,1514,43600001,19,21
1515,1515,43601001,15,29
1516,1516,43602001,12,31
1517,1517,43603001,23,16
1518,1518,43604001,26,19
1519,1519,43605001,9,32
1520,1520,43606001,14,19
1521,1521,43607001,19,24
1522,1522,43608001,24,21
1523,1523,43609001,20,19
1524,1524,43610001,13,33
1525,1525,43611001,23,24
1526,1526,43612001,16,27
1527,1527,43613001,26,24
1528,1528,43614001,20,23
1529,1529,43615001,22,14
1530,1530,43616001,19,21
1531,1531,43617001,19,28
1532,1532,43618001,27,13
1533,1533,43619001,18,27
1534,1534,43620001,22,24
1535,1535,43621001,15,33
1536,1536,43622001,15,22
1537,1537,43623001,22,25
1538,1538,43624001,23,14
1539,1539,43625001,16,32
1540,1540,43626001,26,14
1541,1541,43627001,23,23
1542,1542,43628001,22,17
1543,1543,43629001,25,12
1544,1544,43630001,20,20
1545,1545,43631001,24,23
1546,1546,43632001,11,29
1547,1547,43633001,13,39
1548,1548,43634001,19,25
1549,1549,43635001,11,23
1550,1550,43636001,23,16
1551,1551,43637001,22,29
1552,1552,43638001,17,18
1553,1553,43639001,23,16
1554,1554,43640001,24,20
1555,1555,43641001,19,18
1556,1556,43642001,15,22
1557,1557,43643001,21,19
1558,1558,43644001,20,28
1559,1559,43645001,22,10
1560,1560,43646001,23,21
1561,1561,43647001,29,14
1562,1562,43648001,19,21
1563,1563,43649001,22,23
1564,1564,43650001,14,40
1565,1565,43651001,20,22
1566,1566,43652001,20,13
1567,1567,43653001,16,23
1568,1568,43654001,17,18
1569,1569,43655001,14,23
1570,1570,43656001,11,38
1571,1571,43657001,21,22
1572,1572,43658001,19,22
1573,1573,43659001,24,19
1574,1574,43660001,21,22
1575,1575,43661001,18,20
1576,1576,43662001,24,27
1577,1577,43663001,21,19
1578,1578,43664001,12,30
1579,1579,43665001,21,19
1580,1580,43666001,23,22
1581,1581,43667001,24,12
1582,1582,43668001,21,27
1583,1583,43669001,18,41
1584,1584,43670001,26,21
1585,1585,43671001,11,25
1586,1586,43672001,23,22
1587,1587,43673001,15,32
1588,1588,43674001,22,14
1589,1589,43675001,21,15
1590,1590,43676001,10,41
1591,1591,43677001,26,30
1592,1592,43678001,22,22
1593,1593,43679001,17,35
1594,1594,43680001,20,21
1595,1595,43681001,15,23
1596,1596,43682001,24,15
1597,1597,43683001,26,14
1598,1598,43684001,27,9
1599,1599,43685001,21,16
1600,1600,43686001,14,37
1601,1601,43687001,20,29
1602,1602,43688001,16,23
1603,1603,43689001,27,21
1604,1604,43690001,18,21
1605,1605,43691001,14,25
1606,1606,43692001,31,10
1607,1607,43693001,17,22
1608,1608,43694001,15,26
1609,1609,43695001,32,10
1610,1610,43696001,20,30
1611,1611,43697001,21,17
1612,1612,43698001,20,21
1613,1613,43699001,23,24
1614,1614,43700001,15,23
1615,1615,43701001,11,38
1616,1616,43702001,22,16
1617,1617,43703001,23,14
1618,1618,43704001,23,12
1619,1619,43705001,17,26
1620,1620,43706001,22,23
1621,1621,43707001,20,22
1622,1622,43708001,19,19
1623,1623,43709001,21,21
1624,1624,43710001,29,14
1625,1625,43711001,12,24
1626,1626,43712001,17,27
1627,1627,43713001,19,27
1628,1628,43714001,25,6
1629,1629,43715001,16,29
1630,1630,43716001,12,36
1631,1631,43717001,21,32
1632,1632,43718001,11,35
1633,1633,43719001,22,20
1634,1634,43720001,22,18
1635,1635,43721001,26,20
1636,1636,43722001,15,28
1637,1637,43723001,22,21
1638,1638,43724001,19,19
1639,1639,43725001,10,28
1640,1640,43726001,28,12
1641,1641,43727001,24,22
1642,1642,43728001,21,24
1643,1643,43729001,22,25
1644,1644,43730001,19,27
1645,1645,43731001,14,27
1646,1646,43732001,21,23
1647,1647,43733001,14,32
1648,1648,43734001,18,27
1649,1649,43735001,24,23
1650,1650,43736001,12,32
1651,1651,43737001,28,14
1652,1652,43738001,27,7
1653,1653,43739001,16,21
1654,1654,43740001,20,21
1655,1655,43741001,21,20
1656,1656,43742001,29,9
1657,1657,43743001,19,25
1658,1658,43744001,18,26
1659,1659,43745001,24,19
1660,1660,43746001,16,19
1661,1661,43747001,12,27
1662,1662,43748001,23,20
1663,1663,43749001,22,22
1664,1664,43750001,23,14
1665,1665,43751001,19,22
1666,1666,43752001,20,20
1667,1667,43753001,24,14
1668,1668,43754001,27,12
1669,1669,43755001,17,33
1670,1670,43756001,24,17
1671,1671,43757001,18,27
1672,1672,43758001,16,24
1673,1673,43759001,28,17
1674,1674,43760001,19,33
1675,1675,43761001,23,17
1676,1676,43762001,25,16
1677,1677,43763001,21,29
1678,1678,43764001,16,26
1679,1679,43765001,28,15
1680,1680,43766001,14,26
1681,1681,43767001,15,37
1682,1682,43768001,21,15
1683,1683,43769001,26,20
1684,1684,43770001,15,34
1685,1685,43771001,22,13
1686,1686,43772001,30,17
1687,1687,43773001,27,21
1688,1688,43774001,19,25
1689,1689,43775001,22,28
1690,1690,43776001,18,22
1691,1691,43777001,11,31
1692,1692,43778001,17,22
1693,1693,43779001,17,24
1694,1694,43780001,20,21
1695,1695,43781001,12,25
1696,1696,43782001,14,29
1697,1697,43783001,25,18
1698,1698,43784001,21,14
1699,1699,43785001,30,11
1700,1700,43786001,14,24
1701,1701,43787001,19,15
1702,1702,43788001,20,18
1703,1703,43789001,20,23
1704,1704,43790001,22,26
1705,1705,43791001,21,19
1706,1706,43792001,23,17
1707,1707,43793001,22,11
1708,1708,43794001,14,30
1709,1709,43795001,17,22
1710,1710,43796001,15,20
1711,1711,43797001,24,20
1712,1712,43798001,18,27
1713,1713,43799001,23,11
1714,1714,43800001,18,37
1715,1715,43801001,25,11
1716,1716,43802001,24,15
1717,1717,43803001,23,18
1718,1718,43804001,21,29
1719,1719,43805001,31,14
1720,1720,43806001,18,25
1721,1721,43807001,25,17
1722,1722,43808001,9,32
1723,1723,43809001,17,22
1724,1724,43810001,23,15
1725,1725,43811001,13,32
1726,1726,43812001,20,27
1727,1727,43813001,22,18
1728,1728,43814001,17,18
1729,1729,43815001,26,19
1730,1730,43816001,17,20
1731,1731,43817001,8,41
1732,1732,43818001,21,26
1733,1733,43819001,11,29
1734,1734,43820001,24,7
1735,1735,43821001,9,39
1736,1736,43822001,21,20
1737,1737,43823001,27,14
1738,1738,43824001,20,17
1739,1739,43825001,27,8
1740,1740,43826001,29,9
1741,1741,43827001,16,18
1742,1742,43828001,19,20
1743,1743,43829001,19,32
1744,1744,43830001,21,22
1745,1745,43831001,24,16
1746,1746,43832001,23,12
1747,1747,43833001,17,33
1748,1748,43834001,20,21
1749,1749,43835001,17,23
1750,1750,43836001,21,11
1751,1751,43837001,32,10
1752,1752,43838001,24,14
1753,1753,43839001,26,18
1754,1754,43840001,21,15
1755,1755,43841001,15,30
1756,1756,43842001,24,10
1757,1757,43843001,17,20
1758,1758,43844001,16,25
1759,1759,43845001,28,21
1760,1760,43846001,16,23
1761,1761,43847001,26,13
1762,1762,43848001,22,19
1763,1763,43849001,15,24
1764,1764,43850001,9,25
1765,1765,43851001,21,25
1766,1766,43852001,18,19
1767,1767,43853001,23,15
1768,1768,43854001,23,15
1769,1769,43855001,22,18
1770,1770,43856001,18,19
1771,1771,43857001,14,30
1772,1772,43858001,23,14
1773,1773,43859001,14,33
1774,1774,43860001,27,14
1775,1775,43861001,16,20
1776,1776,43862001,18,25
1777,1777,43863001,20,24
1778,1778,43864001,21,26
1779,1779,43865001,14,22
1780,1780,43866001,19,29
1781,1781,43867001,25,25
1782,1782,43868001,30,7
1783,1783,43869001,32,14
1784,1784,43870001,17,20
1785,1785,43871001,23,18
1786,1786,43872001,21,15
1787,1787,43873001,24,17
1788,1788,43874001,17,29
1789,1789,43875001,22,19
1790,1790,43876001,22,26
1791,1791,43877001,22,21
1792,1792,43878001,14,26
1793,1793,43879001,20,25
1794,1794,43880001,23,25
1795,1795,43881001,22,20
1796,1796,43882001,26,18
1797,1797,43883001,15,19
1798,1798,43884001,26,14
1799,1799,43885001,18,20
1800,1800,43886001,20,17
1801,1801,43887001,25,19
1802,1802,43888001,19,29
1803,1803,43889001,18,19
1804,1804,43890001,19,24
1805,1805,43891001,20,24
1806,1806,43892001,25,23
1807,1807,43893001,17,21
1808,1808,43894001,22,14
1809,1809,43895001,15,27
1810,1810,43896001,28,17
1811,1811,43897001,25,20
1812,1812,43898001,22,19
1813,1813,43899001,24,15
1814,1814,43900001,15,30
1815,1815,43901001,24,15
1816,1816,43902001,26,15
1817,1817,43903001,15,30
1818,1818,43904001,17,24
1819,1819,43905001,25,16
1820,1820,43906001,21,17
1821,1821,43907001,23,20
1822,1822,43908001,22,23
1823,1823,43909001,26,11
1824,1824,43910001,23,22
1825,1825,43911001,20,29
1826,1826,43912001,14,28
1827,1827,43913001,14,22
1828,1828,43914001,7,44
1829,1829,43915001,14,33
1830,1830,43916001,28,18
1831,1831,43917001,15,23
1832,1832,43918001,28,14
1833,1833,43919001,22,19
1834,1834,43920001,15,23
1835,1835,43921001,21,19
1836,1836,43922001,22,18
1837,1837,43923001,25,20
1838,1838,43924001,16,43
1839,1839,43925001,19,24
1840,1840,43926001,19,24
1841,1841,43927001,18,21
1842,1842,43928001,19,23
1843,1843,43929001,15,25
1844,1844,43930001,23,20
1845,1845,43931001,20,19
1846,1846,43932001,18,35
1847,1847,43933001,21,30
1848,1848,43934001,25,22
1849,1849,43935001,17,28
1850,1850,43936001,21,20
1851,1851,43937001,16,33
1852,1852,43938001,19,23
1853,1853,43939001,13,30
1854,1854,43940001,17,17
1855,1855,43941001,15,36
1856,1856,43942001,15,33
1857,1857,43943001,21,20
1858,1858,43944001,18,26
1859,1859,43945001,25,19
1860,1860,43946001,13,26
1861,1861,43947001,18,30
1862,1862,43948001,14,27
1863,1863,43949001,22,29
1864,1864,43950001,20,23
1865,1865,43951001,25,10
1866,1866,43952001,21,16
1867,1867,43953001,16,15
1868,1868,43954001,17,32
1869,1869,43955001,19,22
1870,1870,43956001,26,15
1871,1871,43957001,15,17
1872,1872,43958001,15,25
1873,1873,43959001,21,31
1874,1874,43960001,9,42
1875,1875,43961001,26,20
1876,1876,43962001,28,17
1877,1877,43963001,12,44
1878,1878,43964001,20,19
1879,1879,43965001,24,16
1880,1880,43966001,17,26
1881,1881,43967001,32,10
1882,1882,43968001,16,23
1883,1883,43969001,27,14
1884,1884,43970001,19,23
1885,1885,43971001,23,19
1886,1886,43972001,27,16
1887,1887,43973001,13,25
1888,1888,43974001,26,18
1889,1889,43975001,22,18
1890,1890,43976001,26,15
1891,1891,43977001,19,32
1892,1892,43978001,16,28
1893,1893,43979001,29,6
1894,1894,43980001,26,16
1895,1895,43981001,17,28
1896,1896,43982001,22,16
1897,1897,43983001,20,28
1898,1898,43984001,25,15
1899,1899,43985001,21,13
1900,1900,43986001,21,17
1901,1901,43987001,22,15
1902,1902,43988001,14,27
1903,1903,43989001,20,17
1904,1904,43990001,25,21
1905,1905,43991001,13,20
1906,1906,43992001,18,20
1907,1907,43993001,26,17
1908,1908,43994001,17,20
1909,1909,43995001,17,27
1910,1910,43996001,29,16
1911,1911,43997001,19,25
1912,1912,43998001,24,14
1913,1913,43999001,12,38
1914,1914,44000001,19,21
1915,1915,44001001,21,19
1916,1916,44002001,19,15
1917,1917,44003001,26,21
1918,1918,44004001,23,26
1919,1919,44005001,25,20
1920,1920,44006001,17,23
1921,1921,44007001,25,8
1922,1922,44008001,16,26
1923,1923,44009001,20,26
1924,1924,44010001,11,37
1925,1925,44011001,23,20
1926,1926,44012001,21,25
1927,1927,44013001,16,32
1928,1928,44014001,28,8
1929,1929,44015001,31,5
1930,1930,44016001,25,10
1931,1931,44017001,26,16
1932,1932,44018001,27,12
1933,1933,44019001,25,14
1934,1934,44020001,30,7
1935,1935,44021001,35,3
1936,1936,44022001,29,3
1937,1937,44023001,33,6
1938,1938,44024001,26,13
1939,1939,44025001,28,9
1940,1940,44026001,26,6
1941,1941,44027001,30,9
1942,1942,44028001,24,16
1943,1943,44029001,26,10
1944,1944,44030001,32,6
1945,1945,44031001,28,9
1946,1946,44032001,34,5
1947,1947,44033001,30,12
1948,1948,44034001,33,10
1949,1949,44035001,32,6
1950,1950,44036001,24,8
1951,1951,44037001,34,3
1952,1952,44038001,26,12
1953,1953,44039001,30,11
1954,1954,44040001,29,5
1955,1955,44041001,27,8
1956,1956,44042001,23,10
1957,1957,44043001,27,18
1958,1958,44044001,26,11
1959,1959,44045001,33,6
1960,1960,44046001,31,15
1961,1961,44047001,8,30
1962,1962,44048001,16,27
1963,1963,44049001,25,23
1964,1964,44050001,23,12
1965,1965,44051001,25,22
1966,1966,44052001,15,25
1967,1967,44053001,22,13
1968,1968,44054001,20,18
1969,1969,44055001,16,20
1970,1970,44056001,24,25
1971,1971,44057001,10,21
1972,1972,44058001,11,42
1973,1973,44059001,27,19
1974,1974,44060001,17,24
1975,1975,44061001,19,22
1976,1976,44062001,23,20
1977,1977,44063001,12,28
1978,1978,44064001,18,24
1979,1979,44065001,21,12
1980,1980,44066001,14,31
1981,1981,44067001,19,26
1982,1982,44068001,21,28
1983,1983,44069001,17,24
1984,1984,44070001,20,17
1985,1985,44071001,15,23
1986,1986,44072001,15,30
1987,1987,44073001,15,29
1988,1988,44074001,19,36
1989,1989,44075001,26,11
1990,1990,44076001,15,34
1991,1991,44077001,32,6
1992,1992,44078001,19,22
1993,1993,44079001,22,27
1994,1994,44080001,20,27
1995,1995,44081001,17,25
1996,1996,44082001,17,22
1997,1997,44083001,18,25
1998,1998,44084001,18,21
1999,1999,44085001,21,21
2000,2000,44086001,17,32
2001,2001,44087001,19,21
2002,2002,44088001,14,25
2003,2003,44089001,14,25
2004,2004,44090001,28,9
2005,2005,44091001,22,25
2006,2006,44092001,12,25
2007,2007,44093001,14,21
2008,2008,44094001,21,24
2009,2009,44095001,16,26
2010,2010,44096001,25,23
2011,2011,44097001,16,27
2012,2012,44098001,20,16
2013,2013,44099001,22,16
2014,2014,44100001,19,23
2015,2015,44101001,12,26
2016,2016,44102001,24,16
2017,2017,44103001,18,23
2018,2018,44104001,14,36
2019,2019,44105001,19,15
2020,2020,44106001,24,13
2021,2021,44107001,16,28
2022,2022,44108001,25,22
2023,2023,44109001,13,42
2024,2024,44110001,22,23
2025,2025,44111001,23,23
2026,2026,44112001,12,28
2027,2027,44113001,24,21
2028,2028,44114001,20,16
2029,2029,44115001,25,22
2030,2030,44116001,26,20
2031,2031,44117001,17,20
2032,2032,44118001,25,22
2033,2033,44119001,9,38
2034,2034,44120001,20,22
2035,2035,44121001,24,22
2036,2036,44122001,-6,55
2037,2037,44123001,-5,62
2038,2038,44124001,-1,50
2039,2039,44125001,-1,60
2040,2040,44126001,19,23
2041,2041,44127001,22,25
2042,2042,44128001,16,25
2043,2043,44129001,16,18
2044,2044,44130001,27,17
2045,2045,44131001,14,29
2046,2046,44132001,13,24
2047,2047,44133001,11,28
2048,2048,44134001,21,25
2049,2049,44135001,25,15
2050,2050,44136001,18,23
2051,2051,44137001,26,16
2052,2052,44138001,22,17
2053,2053,44139001,17,23
2054,2054,44140001,24,23
2055,2055,44141001,12,30
2056,2056,44142001,17,21
2057,2057,44143001,29,11
2058,2058,44144001,8,26
2059,2059,44145001,17,20
2060,2060,44146001,18,13
2061,2061,44147001,25,17
2062,2062,44148001,19,25
2063,2063,44149001,19,25
2064,2064,44150001,22,17
2065,2065,44151001,27,15
2066,2066,44152001,20,19
2067,2067,44153001,21,18
2068,2068,44154001,23,22
2069,2069,44155001,13,25
2070,2070,44156001,19,21
2071,2071,44157001,21,22
2072,2072,44158001,27,19
2073,2073,44159001,27,11
2074,2074,44160001,14,26
