,Unnamed: 0,SKU,InStock,NumberOrdered
0,0,42081001,28,19
1,1,42082001,12,34
2,2,42083001,14,25
3,3,42084001,24,23
4,4,42085001,15,28
5,5,42086001,19,22
6,6,42087001,26,16
7,7,42088001,20,26
8,8,42089001,21,18
9,9,42090001,23,24
10,10,42091001,21,26
11,11,42092001,20,19
12,12,42093001,25,21
13,13,42094001,16,24
14,14,42095001,27,18
15,15,42096001,26,20
16,16,42097001,27,21
17,17,42098001,12,41
18,18,42099001,27,15
19,19,42100001,23,21
20,20,42101001,20,24
21,21,42102001,16,22
22,22,42103001,23,16
23,23,42104001,26,24
24,24,42105001,18,25
25,25,42106001,20,18
26,26,42107001,22,21
27,27,42108001,26,22
28,28,42109001,26,14
29,29,42110001,19,19
30,30,42111001,14,34
31,31,42112001,21,25
32,32,42113001,13,22
33,33,42114001,23,20
34,34,42115001,13,25
35,35,42116001,17,17
36,36,42117001,27,12
37,37,42118001,26,20
38,38,42119001,14,25
39,39,42120001,12,28
40,40,42121001,17,20
41,41,42122001,21,26
42,42,42123001,12,36
43,43,42124001,16,24
44,44,42125001,19,19
45,45,42126001,24,19
46,46,42127001,18,15
47,47,42128001,21,19
48,48,42129001,20,14
49,49,42130001,12,30
50,50,42131001,22,23
51,51,42132001,27,18
52,52,42133001,16,22
53,53,42134001,19,16
54,54,42135001,29,10
55,55,42136001,22,19
56,56,42137001,21,25
57,57,42138001,15,31
58,58,42139001,19,21
59,59,42140001,9,31
60,60,42141001,17,23
61,61,42142001,17,25
62,62,42143001,18,19
63,63,42144001,14,39
64,64,42145001,22,23
65,65,42146001,28,17
66,66,42147001,18,18
67,67,42148001,24,21
68,68,42149001,29,7
69,69,42150001,27,10
70,70,42151001,22,13
71,71,42152001,28,8
72,72,42153001,28,10
73,73,42154001,28,10
74,74,42155001,28,5
75,75,42156001,19,30
76,76,42157001,15,21
77,77,42158001,19,22
78,78,42159001,11,30
79,79,42160001,20,20
80,80,42161001,15,21
81,81,42162001,18,16
82,82,42163001,13,27
83,83,42164001,15,20
84,84,42165001,14,17
85,85,42166001,29,16
86,86,42167001,23,25
87,87,42168001,17,25
88,88,42169001,18,29
89,89,42170001,28,12
90,90,42171001,12,22
91,91,42172001,28,20
92,92,42173001,22,13
93,93,42174001,20,28
94,94,42175001,19,20
95,95,42176001,15,24
96,96,42177001,26,21
97,97,42178001,35,5
98,98,42179001,19,24
99,99,42180001,26,19
100,100,42181001,17,23
101,101,42182001,19,33
102,102,42183001,16,29
103,103,42184001,16,25
104,104,42185001,22,19
105,105,42186001,30,13
106,106,42187001,20,14
107,107,42188001,29,18
108,108,42189001,22,15
109,109,42190001,18,20
110,110,42191001,21,17
111,111,42192001,24,19
112,112,42193001,24,20
113,113,42194001,26,23
114,114,42195001,16,22
115,115,42196001,15,22
116,116,42197001,24,17
117,117,42198001,24,15
118,118,42199001,11,25
119,119,42200001,21,24
120,120,42201001,25,13
121,121,42202001,19,20
122,122,42203001,16,20
123,123,42204001,15,19
124,124,42205001,17,14
125,125,42206001,14,21
126,126,42207001,22,17
127,127,42208001,20,17
128,128,42209001,15,22
129,129,42210001,18,25
130,130,42211001,32,6
131,131,42212001,16,26
132,132,42213001,21,26
133,133,42214001,21,28
134,134,42215001,11,30
135,135,42216001,19,14
136,136,42217001,15,31
137,137,42218001,14,25
138,138,42219001,22,14
139,139,42220001,21,19
140,140,42221001,28,22
141,141,42222001,21,14
142,142,42223001,25,14
143,143,42224001,12,29
144,144,42225001,17,29
145,145,42226001,21,21
146,146,42227001,21,19
147,147,42228001,14,26
148,148,42229001,18,11
149,149,42230001,20,17
150,150,42231001,19,22
151,151,42232001,19,26
152,152,42233001,17,16
153,153,42234001,19,20
154,154,42235001,18,26
155,155,42236001,22,25
156,156,42237001,18,19
157,157,42238001,29,18
158,158,42239001,23,11
159,159,42240001,15,30
160,160,42241001,21,11
161,161,42242001,27,14
162,162,42243001,29,21
163,163,42244001,15,26
164,164,42245001,15,37
165,165,42246001,22,19
166,166,42247001,22,18
167,167,42248001,18,28
168,168,42249001,16,25
169,169,42250001,20,26
170,170,42251001,16,34
171,171,42252001,22,14
172,172,42253001,19,17
173,173,42254001,11,35
174,174,42255001,18,23
175,175,42256001,21,28
176,176,42257001,13,32
177,177,42258001,20,28
178,178,42259001,22,26
179,179,42260001,29,15
180,180,42261001,20,15
181,181,42262001,17,34
182,182,42263001,21,30
183,183,42264001,20,21
184,184,42265001,20,21
185,185,42266001,4,50
186,186,42267001,2,45
187,187,42268001,21,23
188,188,42269001,6,39
189,189,42270001,17,32
190,190,42271001,19,16
191,191,42272001,25,18
192,192,42273001,22,14
193,193,42274001,18,22
194,194,42275001,22,19
195,195,42276001,26,26
196,196,42277001,16,31
197,197,42278001,19,17
198,198,42279001,24,9
199,199,42280001,26,7
200,200,42281001,15,30
201,201,42282001,18,25
202,202,42283001,14,22
203,203,42284001,20,27
204,204,42285001,14,26
205,205,42286001,24,17
206,206,42287001,14,22
207,207,42288001,14,28
208,208,42289001,19,26
209,209,42290001,23,25
210,210,42291001,15,19
211,211,42292001,16,28
212,212,42293001,19,23
213,213,42294001,12,22
214,214,42295001,10,33
215,215,42296001,21,29
216,216,42297001,19,20
217,217,42298001,24,11
218,218,42299001,23,22
219,219,42300001,19,22
220,220,42301001,24,22
221,221,42302001,23,12
222,222,42303001,11,34
223,223,42304001,17,35
224,224,42305001,29,21
225,225,42306001,18,26
226,226,42307001,24,28
227,227,42308001,13,34
228,228,42309001,17,28
229,229,42310001,11,28
230,230,42311001,-128,217
231,231,42312001,-104,209
232,232,42313001,-95,197
233,233,42314001,-122,246
234,234,42315001,30,11
235,235,42316001,20,16
236,236,42317001,25,14
237,237,42318001,17,22
238,238,42319001,29,15
239,239,42320001,19,26
240,240,42321001,26,18
241,241,42322001,23,25
242,242,42323001,14,30
243,243,42324001,6,39
244,244,42325001,24,22
245,245,42326001,20,22
246,246,42327001,17,26
247,247,42328001,19,26
248,248,42329001,23,10
249,249,42330001,17,28
250,250,42331001,4,44
251,251,42332001,27,11
252,252,42333001,20,10
253,253,42334001,-4,47
254,254,42335001,3,47
255,255,42336001,9,34
256,256,42337001,17,17
257,257,42338001,23,13
258,258,42339001,18,27
259,259,42340001,10,32
260,260,42341001,17,22
261,261,42342001,25,15
262,262,42343001,13,19
263,263,42344001,17,21
264,264,42345001,27,21
265,265,42346001,13,27
266,266,42347001,20,23
267,267,42348001,24,17
268,268,42349001,-3,45
269,269,42350001,-8,62
270,270,42351001,23,21
271,271,42352001,19,20
272,272,42353001,12,24
273,273,42354001,25,10
274,274,42355001,-278,470
275,275,42356001,-248,403
276,276,42357001,-291,530
277,277,42358001,-252,444
278,278,42359001,-262,446
279,279,42360001,-263,429
280,280,42361001,22,21
281,281,42362001,31,11
282,282,42363001,19,28
283,283,42364001,13,28
284,284,42365001,30,14
285,285,42366001,17,23
286,286,42367001,19,28
287,287,42368001,18,19
288,288,42369001,20,24
289,289,42370001,24,18
290,290,42371001,19,23
291,291,42372001,29,14
292,292,42373001,16,25
293,293,42374001,32,9
294,294,42375001,29,11
295,295,42376001,23,22
296,296,42377001,25,14
297,297,42378001,24,13
298,298,42379001,4,35
299,299,42380001,21,16
300,300,42381001,30,14
301,301,42382001,19,17
302,302,42383001,14,27
303,303,42384001,21,19
304,304,42385001,16,27
305,305,42386001,21,19
306,306,42387001,21,24
307,307,42388001,21,23
308,308,42389001,20,30
309,309,42390001,19,24
310,310,42391001,19,21
311,311,42392001,13,23
312,312,42393001,11,33
313,313,42394001,24,15
314,314,42395001,20,32
315,315,42396001,24,18
316,316,42397001,16,27
317,317,42398001,17,28
318,318,42399001,25,15
319,319,42400001,28,11
320,320,42401001,30,15
321,321,42402001,25,16
322,322,42403001,30,22
323,323,42404001,20,27
324,324,42405001,18,24
325,325,42406001,23,10
326,326,42407001,9,32
327,327,42408001,23,26
328,328,42409001,18,35
329,329,42410001,14,30
330,330,42411001,28,13
331,331,42412001,25,18
332,332,42413001,10,32
333,333,42414001,27,14
334,334,42415001,18,32
335,335,42416001,24,22
336,336,42417001,27,19
337,337,42418001,22,20
338,338,42419001,24,23
339,339,42420001,21,21
340,340,42421001,28,19
341,341,42422001,15,29
342,342,42423001,20,17
343,343,42424001,25,17
344,344,42425001,18,31
345,345,42426001,13,22
346,346,42427001,21,22
347,347,42428001,26,17
348,348,42429001,21,21
349,349,42430001,30,12
350,350,42431001,18,22
351,351,42432001,24,13
352,352,42433001,26,17
353,353,42434001,17,37
354,354,42435001,15,20
355,355,42436001,19,25
356,356,42437001,17,19
357,357,42438001,24,11
358,358,42439001,18,30
359,359,42440001,7,43
360,360,42441001,21,21
361,361,42442001,17,18
362,362,42443001,18,23
363,363,42444001,20,17
364,364,42445001,10,43
365,365,42446001,21,22
366,366,42447001,15,34
367,367,42448001,21,22
368,368,42449001,30,14
369,369,42450001,20,28
370,370,42451001,22,18
371,371,42452001,20,33
372,372,42453001,25,26
373,373,42454001,16,25
374,374,42455001,22,18
375,375,42456001,16,24
376,376,42457001,15,34
377,377,42458001,29,18
378,378,42459001,22,22
379,379,42460001,27,17
380,380,42461001,17,20
381,381,42462001,9,34
382,382,42463001,15,33
383,383,42464001,17,26
384,384,42465001,24,13
385,385,42466001,23,26
386,386,42467001,17,20
387,387,42468001,19,16
388,388,42469001,23,23
389,389,42470001,24,14
390,390,42471001,22,22
391,391,42472001,22,10
392,392,42473001,22,11
393,393,42474001,15,22
394,394,42475001,18,25
395,395,42476001,29,8
396,396,42477001,22,7
397,397,42478001,19,23
398,398,42479001,16,29
399,399,42480001,9,38
400,400,42481001,20,17
401,401,42482001,24,24
402,402,42483001,27,17
403,403,42484001,26,18
404,404,42485001,27,15
405,405,42486001,20,23
406,406,42487001,14,28
407,407,42488001,17,29
408,408,42489001,15,35
409,409,42490001,16,23
410,410,42491001,19,21
411,411,42492001,17,20
412,412,42493001,22,22
413,413,42494001,21,27
414,414,42495001,14,38
415,415,42496001,20,20
416,416,42497001,22,24
417,417,42498001,17,26
418,418,42499001,12,24
419,419,42500001,23,18
420,420,42501001,15,21
421,421,42502001,25,19
422,422,42503001,16,26
423,423,42504001,22,25
424,424,42505001,25,16
425,425,42506001,20,29
426,426,42507001,22,18
427,427,42508001,23,23
428,428,42509001,24,22
429,429,42510001,21,21
430,430,42511001,14,25
431,431,42512001,26,20
432,432,42513001,9,30
433,433,42514001,14,26
434,434,42515001,29,13
435,435,42516001,28,14
436,436,42517001,31,14
437,437,42518001,18,21
438,438,42519001,16,23
439,439,42520001,-4,56
440,440,42521001,5,43
441,441,42522001,0,49
442,442,42523001,2,42
443,443,42524001,2,40
444,444,42525001,-2,51
445,445,42526001,7,45
446,446,42527001,7,41
447,447,42528001,6,51
448,448,42529001,11,36
449,449,42530001,8,29
450,450,42531001,21,18
451,451,42532001,17,21
452,452,42533001,18,14
453,453,42534001,30,15
454,454,42535001,21,20
455,455,42536001,28,15
456,456,42537001,11,31
457,457,42538001,10,36
458,458,42539001,17,27
459,459,42540001,26,16
460,460,42541001,13,26
461,461,42542001,12,23
462,462,42543001,21,17
463,463,42544001,15,31
464,464,42545001,15,29
465,465,42546001,21,28
466,466,42547001,16,23
467,467,42548001,30,15
468,468,42549001,17,19
469,469,42550001,30,12
470,470,42551001,23,16
471,471,42552001,24,17
472,472,42553001,23,14
473,473,42554001,22,20
474,474,42555001,18,33
475,475,42556001,16,21
476,476,42557001,24,25
477,477,42558001,18,16
478,478,42559001,13,27
479,479,42560001,17,20
480,480,42561001,14,22
481,481,42562001,-13,61
482,482,42563001,7,36
483,483,42564001,-10,55
484,484,42565001,15,25
485,485,42566001,4,40
486,486,42567001,1,48
487,487,42568001,7,45
488,488,42569001,18,26
489,489,42570001,0,57
490,490,42571001,3,56
491,491,42572001,3,45
492,492,42573001,11,23
493,493,42574001,-1,51
494,494,42575001,6,49
495,495,42576001,11,30
496,496,42577001,-3,70
497,497,42578001,28,18
498,498,42579001,22,17
499,499,42580001,-16,76
500,500,42581001,-11,60
501,501,42582001,-6,47
502,502,42583001,7,47
503,503,42584001,2,52
504,504,42585001,22,24
505,505,42586001,19,15
506,506,42587001,17,23
507,507,42588001,12,31
508,508,42589001,24,25
509,509,42590001,21,23
510,510,42591001,21,17
511,511,42592001,28,10
512,512,42593001,23,21
513,513,42594001,14,27
514,514,42595001,17,24
515,515,42596001,23,23
516,516,42597001,24,17
517,517,42598001,11,32
518,518,42599001,25,11
519,519,42600001,29,13
520,520,42601001,35,6
521,521,42602001,28,9
522,522,42603001,25,14
523,523,42604001,31,6
524,524,42605001,27,9
525,525,42606001,23,10
526,526,42607001,29,10
527,527,42608001,33,7
528,528,42609001,34,6
529,529,42610001,32,9
530,530,42611001,36,3
531,531,42612001,35,6
532,532,42613001,30,10
533,533,42614001,32,8
534,534,42615001,38,1
535,535,42616001,30,3
536,536,42617001,33,9
537,537,42618001,35,9
538,538,42619001,27,6
539,539,42620001,24,10
540,540,42621001,28,3
541,541,42622001,18,22
542,542,42623001,22,26
543,543,42624001,12,29
544,544,42625001,26,9
545,545,42626001,20,19
546,546,42627001,11,42
547,547,42628001,11,33
548,548,42629001,15,33
549,549,42630001,24,10
550,550,42631001,17,23
551,551,42632001,19,11
552,552,42633001,25,23
553,553,42634001,30,17
554,554,42635001,16,28
555,555,42636001,19,23
556,556,42637001,20,16
557,557,42638001,24,24
558,558,42639001,24,16
559,559,42640001,12,29
560,560,42641001,31,17
561,561,42642001,26,21
562,562,42643001,16,27
563,563,42644001,30,12
564,564,42645001,19,17
565,565,42646001,15,16
566,566,42647001,17,24
567,567,42648001,20,26
568,568,42649001,26,24
569,569,42650001,20,25
570,570,42651001,22,21
571,571,42652001,13,25
572,572,42653001,26,19
573,573,42654001,24,22
574,574,42655001,28,15
575,575,42656001,18,16
576,576,42657001,31,7
577,577,42658001,25,23
578,578,42659001,16,18
579,579,42660001,13,31
580,580,42661001,20,18
581,581,42662001,14,28
582,582,42663001,18,17
583,583,42664001,25,13
584,584,42665001,15,23
585,585,42666001,21,23
586,586,42667001,29,12
587,587,42668001,16,24
588,588,42669001,20,14
589,589,42670001,20,32
590,590,42671001,-9,62
591,591,42672001,27,16
592,592,42673001,14,40
593,593,42674001,14,23
594,594,42675001,29,18
595,595,42676001,9,37
596,596,42677001,17,26
597,597,42678001,23,14
598,598,42679001,21,25
599,599,42680001,30,9
600,600,42681001,19,22
601,601,42682001,22,25
602,602,42683001,20,18
603,603,42684001,18,15
604,604,42685001,15,33
605,605,42686001,23,8
606,606,42687001,22,14
607,607,42688001,18,23
608,608,42689001,18,25
609,609,42690001,18,28
610,610,42691001,26,16
611,611,42692001,18,35
612,612,42693001,21,21
613,613,42694001,26,13
614,614,42695001,27,18
615,615,42696001,25,13
616,616,42697001,24,30
617,617,42698001,17,35
618,618,42699001,13,36
619,619,42700001,31,17
620,620,42701001,26,23
621,621,42702001,26,21
622,622,42703001,24,16
623,623,42704001,26,16
624,624,42705001,21,25
625,625,42706001,16,25
626,626,42707001,17,26
627,627,42708001,7,40
628,628,42709001,21,16
629,629,42710001,21,29
630,630,42711001,16,26
631,631,42712001,22,18
632,632,42713001,28,13
633,633,42714001,17,26
634,634,42715001,18,19
635,635,42716001,25,19
636,636,42717001,23,13
637,637,42718001,20,24
638,638,42719001,24,18
639,639,42720001,16,22
640,640,42721001,24,24
641,641,42722001,27,14
642,642,42723001,12,31
643,643,42724001,17,34
644,644,42725001,23,19
645,645,42726001,23,10
646,646,42727001,30,7
647,647,42728001,15,30
648,648,42729001,22,22
649,649,42730001,22,27
650,650,42731001,29,15
651,651,42732001,25,15
652,652,42733001,19,18
653,653,42734001,19,28
654,654,42735001,13,35
655,655,42736001,9,32
656,656,42737001,22,21
657,657,42738001,19,27
658,658,42739001,23,21
659,659,42740001,16,26
660,660,42741001,18,31
661,661,42742001,22,15
662,662,42743001,27,11
663,663,42744001,22,15
664,664,42745001,14,33
665,665,42746001,22,19
666,666,42747001,25,22
667,667,42748001,11,37
668,668,42749001,10,40
669,669,42750001,29,17
670,670,42751001,32,8
671,671,42752001,23,24
672,672,42753001,28,17
673,673,42754001,20,22
674,674,42755001,19,25
675,675,42756001,15,28
676,676,42757001,24,17
677,677,42758001,28,18
678,678,42760001,15,23
679,679,42762001,26,15
680,680,42763001,18,33
681,681,42764001,22,23
682,682,42765001,23,19
683,683,42766001,16,26
684,684,42767001,18,19
685,685,42768001,25,14
686,686,42769001,24,16
687,687,42770001,19,26
688,688,42771001,17,19
689,689,42772001,21,20
690,690,42773001,12,37
691,691,42774001,27,12
692,692,42775001,26,23
693,693,42776001,22,18
694,694,42777001,18,31
695,695,42778001,10,38
696,696,42779001,24,31
697,697,42780001,15,23
698,698,42781001,17,18
699,699,42782001,19,20
700,700,42783001,22,18
701,701,42784001,16,30
702,702,42785001,33,9
703,703,42786001,26,14
704,704,42787001,22,12
705,705,42788001,32,13
706,706,42789001,32,11
707,707,42790001,31,3
708,708,42791001,31,10
709,709,42792001,22,11
710,710,42793001,23,15
711,711,42794001,17,39
712,712,42795001,24,17
713,713,42796001,12,28
714,714,42797001,19,31
715,715,42798001,15,29
716,716,42799001,14,29
717,717,42800001,26,24
718,718,42801001,20,27
719,719,42802001,22,18
720,720,42803001,9,22
721,721,42804001,19,20
722,722,42805001,26,15
723,723,42806001,24,20
724,724,42807001,12,27
725,725,42808001,22,17
726,726,42809001,23,29
727,727,42810001,12,29
728,728,42811001,17,22
729,729,42812001,20,27
730,730,42813001,22,22
731,731,42814001,20,19
732,732,42815001,19,28
733,733,42816001,21,26
734,734,42817001,23,18
735,735,42818001,23,22
736,736,42819001,20,29
737,737,42820001,17,33
738,738,42821001,21,17
739,739,42822001,25,14
740,740,42823001,15,22
741,741,42824001,30,12
742,742,42825001,29,12
743,743,42826001,30,3
744,744,42827001,32,13
745,745,42828001,26,12
746,746,42829001,21,18
747,747,42830001,17,26
748,748,42831001,11,22
749,749,42832001,14,25
750,750,42833001,19,16
751,751,42834001,21,16
752,752,42835001,19,23
753,753,42836001,11,28
754,754,42837001,19,20
755,755,42838001,24,23
756,756,42839001,18,20
757,757,42840001,16,25
758,758,42841001,25,12
759,759,42842001,16,28
760,760,42843001,18,20
761,761,42844001,21,19
762,762,42845001,19,15
763,763,42846001,20,20
764,764,42847001,18,16
765,765,42848001,17,23
766,766,42849001,24,20
767,767,42850001,-7,60
768,768,42851001,19,21
769,769,42852001,20,20
770,770,42853001,25,16
771,771,42854001,22,17
772,772,42855001,19,20
773,773,42856001,26,23
774,774,42857001,20,19
775,775,42858001,14,27
776,776,42859001,17,28
777,777,42860001,19,15
778,778,42861001,27,15
779,779,42863001,13,31
780,780,42864001,17,15
781,781,42865001,23,14
782,782,42866001,21,20
783,783,42867001,26,16
784,784,42868001,17,19
785,785,42869001,26,12
786,786,42870001,26,16
787,787,42871001,23,25
788,788,42872001,23,14
789,789,42873001,13,30
790,790,42874001,17,20
791,791,42875001,21,22
792,792,42876001,19,26
793,793,42877001,25,14
794,794,42878001,24,20
795,795,42879001,26,19
796,796,42880001,23,28
797,797,42881001,31,13
798,798,42882001,29,16
799,799,42883001,19,18
800,800,42884001,26,22
801,801,42885001,20,14
802,802,42886001,23,18
803,803,42887001,20,14
804,804,42888001,16,21
805,805,42889001,15,28
806,806,42890001,17,18
807,807,42891001,21,21
808,808,42892001,32,15
809,809,42893001,16,36
810,810,42894001,17,22
811,811,42895001,17,20
812,812,42896001,18,25
813,813,42897001,17,29
814,814,42898001,12,32
815,815,42899001,15,26
816,816,42900001,14,33
817,817,42901001,17,14
818,818,42902001,13,23
819,819,42903001,21,20
820,820,42904001,18,29
821,821,42905001,29,16
822,822,42906001,13,33
823,823,42907001,27,21
824,824,42908001,15,23
825,825,42909001,23,28
826,826,42910001,12,27
827,827,42911001,19,18
828,828,42912001,16,18
829,829,42913001,5,38
830,830,42914001,8,30
831,831,42915001,17,18
832,832,42916001,16,28
833,833,42917001,24,12
834,834,42918001,29,10
835,835,42919001,8,37
836,836,42920001,18,23
837,837,42921001,12,34
838,838,42922001,23,16
839,839,42923001,18,35
840,840,42924001,11,30
841,841,42925001,18,20
842,842,42926001,17,24
843,843,42927001,20,12
844,844,42928001,17,18
845,845,42929001,15,21
846,846,42930001,25,24
847,847,42931001,30,13
848,848,42932001,22,22
849,849,42933001,15,32
850,850,42934001,17,32
851,851,42935001,17,24
852,852,42936001,25,15
853,853,42937001,17,20
854,854,42938001,11,29
855,855,42939001,12,27
856,856,42940001,17,18
857,857,42941001,14,31
858,858,42942001,20,24
859,859,42943001,15,22
860,860,42944001,27,11
861,861,42945001,18,24
862,862,42946001,19,24
863,863,42947001,22,17
864,864,42948001,23,12
865,865,42949001,29,11
866,866,42950001,17,23
867,867,42951001,18,23
868,868,42952001,24,14
869,869,42953001,18,23
870,870,42954001,15,22
871,871,42955001,21,30
872,872,42956001,25,19
873,873,42957001,25,10
874,874,42958001,22,15
875,875,42959001,28,9
876,876,42960001,21,29
877,877,42961001,19,23
878,878,42962001,15,30
879,879,42963001,18,27
880,880,42964001,24,23
881,881,42965001,24,21
882,882,42966001,13,38
883,883,42967001,18,19
884,884,42968001,19,21
885,885,42969001,31,10
886,886,42970001,28,14
887,887,42971001,21,24
888,888,42972001,15,23
889,889,42973001,22,12
890,890,42974001,17,17
891,891,42975001,25,19
892,892,42976001,16,37
893,893,42977001,22,21
894,894,42978001,18,23
895,895,42979001,21,32
896,896,42980001,23,23
897,897,42981001,9,35
898,898,42982001,18,26
899,899,42983001,17,24
900,900,42984001,15,18
901,901,42985001,12,29
902,902,42986001,15,33
903,903,42987001,19,24
904,904,42988001,23,24
905,905,42989001,27,13
906,906,42990001,29,8
907,907,42991001,22,28
908,908,42992001,20,32
909,909,42993001,20,26
910,910,42994001,15,18
911,911,42995001,25,23
912,912,42996001,17,20
913,913,42997001,21,16
914,914,42998001,25,23
915,915,42999001,26,16
916,916,43000001,19,29
917,917,43001001,21,22
918,918,43002001,21,14
919,919,43003001,15,31
920,920,43004001,16,24
921,921,43005001,19,16
922,922,43006001,25,20
923,923,43007001,18,20
924,924,43008001,19,21
925,925,43009001,26,10
926,926,43010001,26,7
927,927,43011001,32,1
928,928,43012001,25,7
929,929,43013001,33,9
930,930,43014001,33,5
931,931,43015001,33,5
932,932,43016001,26,15
933,933,43017001,33,8
934,934,43018001,27,10
935,935,43019001,29,15
936,936,43020001,34,7
937,937,43021001,29,5
938,938,43022001,28,10
939,939,43023001,24,8
940,940,43024001,30,4
941,941,43025001,23,9
942,942,43026001,33,6
943,943,43027001,29,9
944,944,43028001,26,10
945,945,43029001,24,9
946,946,43030001,30,8
947,947,43031001,20,12
948,948,43032001,33,9
949,949,43033001,33,3
950,950,43034001,26,5
951,951,43035001,28,10
952,952,43036001,34,8
953,953,43037001,28,9
954,954,43038001,27,9
955,955,43039001,35,4
956,956,43040001,33,13
957,957,43041001,27,10
958,958,43042001,30,14
959,959,43043001,24,19
960,960,43044001,23,18
961,961,43045001,28,18
962,962,43046001,18,23
963,963,43047001,22,28
964,964,43048001,28,11
965,965,43049001,25,23
966,966,43050001,18,22
967,967,43051001,14,31
968,968,43052001,18,30
969,969,43053001,18,23
970,970,43054001,22,20
971,971,43055001,18,28
972,972,43056001,17,28
973,973,43057001,22,14
974,974,43058001,9,42
975,975,43059001,18,28
976,976,43060001,20,23
977,977,43061001,12,29
978,978,43062001,22,14
979,979,43063001,21,18
980,980,43064001,23,23
981,981,43065001,22,24
982,982,43066001,24,23
983,983,43067001,27,15
984,984,43068001,21,31
985,985,43071001,20,29
986,986,43072001,22,22
987,987,43073001,24,15
988,988,43074001,20,16
989,989,43075001,23,16
990,990,43076001,16,26
991,991,43077001,28,9
992,992,43078001,19,20
993,993,43079001,16,17
994,994,43080001,22,23
995,995,43081001,28,16
996,996,43082001,25,24
997,997,43083001,16,29
998,998,43084001,21,24
999,999,43085001,17,27
1000,1000,43086001,17,32
1001,1001,43087001,19,24
1002,1002,43088001,25,28
1003,1003,43089001,16,29
1004,1004,43090001,25,20
1005,1005,43091001,12,23
1006,1006,43092001,27,19
1007,1007,43093001,18,22
1008,1008,43094001,20,19
1009,1009,43095001,9,42
1010,1010,43096001,13,27
1011,1011,43097001,25,10
1012,1012,43098001,22,12
1013,1013,43099001,17,23
1014,1014,43100001,19,9
1015,1015,43101001,17,15
1016,1016,43102001,29,16
1017,1017,43103001,21,24
1018,1018,43104001,31,13
1019,1019,43105001,21,27
1020,1020,43106001,20,23
1021,1021,43107001,31,12
1022,1022,43108001,20,19
1023,1023,43109001,24,22
1024,1024,43110001,19,18
1025,1025,43111001,23,19
1026,1026,43112001,16,23
1027,1027,43113001,17,23
1028,1028,43114001,23,25
1029,1029,43115001,25,15
1030,1030,43116001,18,22
1031,1031,43117001,17,24
1032,1032,43118001,23,18
1033,1033,43119001,20,18
1034,1034,43120001,23,18
1035,1035,43121001,17,31
1036,1036,43122001,22,21
1037,1037,43123001,27,14
1038,1038,43124001,18,17
1039,1039,43125001,23,13
1040,1040,43126001,22,21
1041,1041,43127001,14,27
1042,1042,43128001,18,24
1043,1043,43129001,28,17
1044,1044,43130001,23,21
1045,1045,43131001,14,25
1046,1046,43132001,20,20
1047,1047,43133001,15,25
1048,1048,43134001,12,29
1049,1049,43135001,21,20
1050,1050,43136001,15,21
1051,1051,43137001,26,22
1052,1052,43138001,20,17
1053,1053,43139001,28,25
1054,1054,43140001,16,26
1055,1055,43141001,11,37
1056,1056,43142001,12,36
1057,1057,43143001,22,25
1058,1058,43144001,20,30
1059,1059,43145001,19,34
1060,1060,43146001,16,22
1061,1061,43147001,19,21
1062,1062,43148001,17,19
1063,1063,43149001,14,27
1064,1064,43150001,14,26
1065,1065,43151001,21,32
1066,1066,43152001,27,18
1067,1067,43153001,23,21
1068,1068,43154001,14,20
1069,1069,43155001,28,18
1070,1070,43156001,21,21
1071,1071,43157001,27,16
1072,1072,43158001,25,18
1073,1073,43159001,18,30
1074,1074,43160001,24,22
1075,1075,43161001,20,28
1076,1076,43162001,14,27
1077,1077,43163001,30,12
1078,1078,43164001,22,17
1079,1079,43165001,21,19
1080,1080,43166001,16,17
1081,1081,43167001,18,28
1082,1082,43168001,18,13
1083,1083,43169001,17,20
1084,1084,43170001,8,38
1085,1085,43171001,18,18
1086,1086,43172001,20,27
1087,1087,43173001,17,21
1088,1088,43174001,18,24
1089,1089,43175001,20,20
1090,1090,43176001,16,23
1091,1091,43177001,26,24
1092,1092,43178001,16,23
1093,1093,43179001,22,14
1094,1094,43180001,20,17
1095,1095,43181001,24,23
1096,1096,43182001,17,21
1097,1097,43183001,23,26
1098,1098,43184001,18,33
1099,1099,43185001,13,32
1100,1100,43186001,17,23
1101,1101,43187001,23,13
1102,1102,43188001,18,23
1103,1103,43189001,21,23
1104,1104,43190001,23,21
1105,1105,43191001,22,11
1106,1106,43192001,18,24
1107,1107,43193001,21,26
1108,1108,43194001,23,25
1109,1109,43195001,20,15
1110,1110,43196001,14,30
1111,1111,43197001,29,16
1112,1112,43198001,26,13
1113,1113,43199001,27,16
1114,1114,43200001,14,31
1115,1115,43201001,23,20
1116,1116,43202001,14,30
1117,1117,43203001,13,31
1118,1118,43204001,18,23
1119,1119,43205001,18,23
1120,1120,43206001,24,19
1121,1121,43207001,19,15
1122,1122,43208001,18,14
1123,1123,43209001,35,2
1124,1124,43210001,33,5
1125,1125,43211001,32,9
1126,1126,43212001,32,8
1127,1127,43213001,25,6
1128,1128,43214001,32,10
1129,1129,43215001,31,1
1130,1130,43216001,28,14
1131,1131,43217001,27,7
1132,1132,43218001,29,3
1133,1133,43219001,19,17
1134,1134,43220001,12,34
1135,1135,43221001,18,19
1136,1136,43222001,21,25
1137,1137,43223001,16,21
1138,1138,43224001,22,26
1139,1139,43225001,18,17
1140,1140,43226001,18,17
1141,1141,43227001,26,20
1142,1142,43228001,25,25
1143,1143,43229001,19,36
1144,1144,43230001,18,21
1145,1145,43231001,24,17
1146,1146,43232001,31,14
1147,1147,43233001,21,19
1148,1148,43234001,17,32
1149,1149,43235001,13,26
1150,1150,43236001,14,29
1151,1151,43237001,23,15
1152,1152,43238001,18,16
1153,1153,43239001,24,20
1154,1154,43240001,26,13
1155,1155,43241001,19,33
1156,1156,43242001,17,15
1157,1157,43243001,19,30
1158,1158,43244001,16,25
1159,1159,43245001,21,22
1160,1160,43246001,31,9
1161,1161,43247001,29,15
1162,1162,43248001,17,24
1163,1163,43249001,24,12
1164,1164,43250001,22,24
1165,1165,43251001,26,14
1166,1166,43252001,24,18
1167,1167,43253001,28,4
1168,1168,43254001,30,8
1169,1169,43255001,31,5
1170,1170,43256001,29,13
1171,1171,43257001,34,1
1172,1172,43258001,29,3
1173,1173,43259001,32,13
1174,1174,43260001,30,2
1175,1175,43261001,24,14
1176,1176,43262001,26,10
1177,1177,43263001,34,8
1178,1178,43264001,24,7
1179,1179,43265001,36,3
1180,1180,43266001,35,2
1181,1181,43267001,34,11
1182,1182,43268001,35,2
1183,1183,43269001,31,3
1184,1184,43270001,28,8
1185,1185,43271001,29,5
1186,1186,43272001,30,4
1187,1187,43273001,25,10
1188,1188,43274001,30,11
1189,1189,43275001,22,12
1190,1190,43276001,25,10
1191,1191,43277001,27,7
1192,1192,43278001,25,9
1193,1193,43279001,21,14
1194,1194,43280001,25,8
1195,1195,43281001,30,13
1196,1196,43282001,34,11
1197,1197,43283001,29,5
1198,1198,43284001,22,13
1199,1199,43285001,25,10
1200,1200,43286001,31,10
1201,1201,43287001,25,11
1202,1202,43288001,24,15
1203,1203,43289001,24,10
1204,1204,43290001,31,3
1205,1205,43291001,30,9
1206,1206,43292001,31,12
1207,1207,43293001,34,6
1208,1208,43294001,25,8
1209,1209,43295001,30,7
1210,1210,43296001,20,16
1211,1211,43297001,30,10
1212,1212,43298001,29,5
1213,1213,43299001,33,10
1214,1214,43300001,23,14
1215,1215,43301001,32,9
1216,1216,43302001,26,8
1217,1217,43303001,27,5
1218,1218,43304001,34,9
1219,1219,43305001,28,9
1220,1220,43306001,27,7
1221,1221,43307001,28,6
1222,1222,43308001,23,13
1223,1223,43309001,22,15
1224,1224,43310001,26,15
1225,1225,43311001,30,14
1226,1226,43312001,25,12
1227,1227,43313001,27,6
1228,1228,43314001,28,14
1229,1229,43315001,37,3
1230,1230,43316001,25,9
1231,1231,43317001,31,11
1232,1232,43318001,31,5
1233,1233,43319001,25,8
1234,1234,43320001,27,14
1235,1235,43321001,24,9
1236,1236,43322001,33,6
1237,1237,43323001,30,14
1238,1238,43324001,29,8
1239,1239,43325001,26,5
1240,1240,43326001,28,12
1241,1241,43327001,28,10
1242,1242,43328001,36,6
1243,1243,43329001,24,16
1244,1244,43330001,23,11
1245,1245,43331001,24,8
1246,1246,43332001,33,10
1247,1247,43333001,24,7
1248,1248,43334001,27,6
1249,1249,43335001,28,5
1250,1250,43336001,29,2
1251,1251,43337001,25,8
1252,1252,43338001,28,9
1253,1253,43339001,29,5
1254,1254,43340001,34,6
1255,1255,43341001,28,12
1256,1256,43342001,30,3
1257,1257,43343001,31,5
1258,1258,43344001,28,9
1259,1259,43345001,29,7
1260,1260,43346001,29,4
1261,1261,43347001,25,8
1262,1262,43348001,31,3
1263,1263,43349001,29,18
1264,1264,43350001,34,8
1265,1265,43351001,32,4
1266,1266,43352001,32,10
1267,1267,43353001,26,10
1268,1268,43354001,29,7
1269,1269,43355001,35,7
1270,1270,43356001,30,4
1271,1271,43357001,23,13
1272,1272,43358001,34,6
1273,1273,43359001,34,6
1274,1274,43360001,29,11
1275,1275,43361001,31,11
1276,1276,43362001,32,9
1277,1277,43363001,29,16
1278,1278,43364001,27,9
1279,1279,43365001,32,5
1280,1280,43366001,31,12
1281,1281,43367001,29,8
1282,1282,43368001,22,11
1283,1283,43369001,31,7
1284,1284,43370001,22,15
1285,1285,43371001,26,9
1286,1286,43372001,28,12
1287,1287,43373001,26,6
1288,1288,43374001,26,9
1289,1289,43375001,20,14
1290,1290,43376001,31,10
1291,1291,43377001,27,8
1292,1292,43378001,25,12
1293,1293,43379001,31,4
1294,1294,43380001,28,13
1295,1295,43381001,25,11
1296,1296,43382001,20,17
1297,1297,43383001,18,32
1298,1298,43384001,13,22
1299,1299,43385001,13,36
1300,1300,43386001,9,47
1301,1301,43387001,20,14
1302,1302,43388001,14,26
1303,1303,43389001,29,17
1304,1304,43390001,11,26
1305,1305,43391001,20,17
1306,1306,43392001,18,30
1307,1307,43393001,20,25
1308,1308,43394001,11,37
1309,1309,43395001,15,32
1310,1310,43396001,22,25
1311,1311,43397001,11,46
1312,1312,43398001,14,38
1313,1313,43399001,18,18
1314,1314,43400001,14,25
1315,1315,43401001,7,35
1316,1316,43402001,24,12
1317,1317,43403001,11,28
1318,1318,43404001,19,33
1319,1319,43405001,26,16
1320,1320,43406001,21,17
1321,1321,43407001,18,20
1322,1322,43408001,25,13
1323,1323,43409001,19,16
1324,1324,43410001,15,22
1325,1325,43411001,16,28
1326,1326,43412001,18,22
1327,1327,43413001,15,27
1328,1328,43414001,14,34
1329,1329,43415001,18,20
1330,1330,43416001,26,20
1331,1331,43417001,3,42
1332,1332,43418001,14,31
1333,1333,43419001,19,26
1334,1334,43420001,21,28
1335,1335,43421001,16,25
1336,1336,43422001,18,20
1337,1337,43423001,25,9
1338,1338,43424001,13,26
1339,1339,43425001,11,27
1340,1340,43426001,21,23
1341,1341,43427001,25,12
1342,1342,43428001,20,22
1343,1343,43429001,25,11
1344,1344,43430001,17,21
1345,1345,43431001,24,10
1346,1346,43432001,23,23
1347,1347,43433001,20,11
1348,1348,43434001,15,33
1349,1349,43435001,21,20
1350,1350,43436001,16,33
1351,1351,43437001,20,27
1352,1352,43438001,22,18
1353,1353,43439001,17,19
1354,1354,43440001,12,29
1355,1355,43441001,24,16
1356,1356,43442001,14,31
1357,1357,43443001,17,19
1358,1358,43444001,25,17
1359,1359,43445001,25,24
1360,1360,43446001,13,31
1361,1361,43447001,27,12
1362,1362,43448001,21,14
1363,1363,43449001,20,21
1364,1364,43450001,13,30
1365,1365,43451001,15,15
1366,1366,43452001,19,27
1367,1367,43453001,15,22
1368,1368,43454001,18,24
1369,1369,43455001,22,12
1370,1370,43456001,18,18
1371,1371,43457001,23,16
1372,1372,43458001,16,25
1373,1373,43459001,24,25
1374,1374,43460001,21,16
1375,1375,43461001,18,23
1376,1376,43462001,23,15
1377,1377,43463001,27,11
1378,1378,43464001,16,25
1379,1379,43465001,25,16
1380,1380,43466001,20,24
1381,1381,43467001,7,35
1382,1382,43468001,22,23
1383,1383,43469001,26,16
1384,1384,43470001,21,19
1385,1385,43471001,24,11
1386,1386,43472001,9,45
1387,1387,43473001,21,13
1388,1388,43474001,22,16
1389,1389,43475001,14,35
1390,1390,43476001,28,18
1391,1391,43477001,18,24
1392,1392,43478001,23,19
1393,1393,43479001,19,19
1394,1394,43480001,18,27
1395,1395,43481001,21,12
1396,1396,43482001,19,27
1397,1397,43483001,13,35
1398,1398,43484001,24,16
1399,1399,43485001,21,10
1400,1400,43486001,20,16
1401,1401,43487001,25,23
1402,1402,43488001,19,26
1403,1403,43489001,25,20
1404,1404,43490001,25,15
1405,1405,43491001,21,20
1406,1406,43492001,23,23
1407,1407,43493001,23,16
1408,1408,43494001,25,16
1409,1409,43495001,16,29
1410,1410,43496001,27,9
1411,1411,43497001,20,15
1412,1412,43498001,26,19
1413,1413,43499001,22,29
1414,1414,43500001,17,20
1415,1415,43501001,18,26
1416,1416,43502001,17,18
1417,1417,43503001,15,28
1418,1418,43504001,20,22
1419,1419,43505001,21,25
1420,1420,43506001,20,24
1421,1421,43507001,21,21
1422,1422,43508001,22,20
1423,1423,43509001,16,26
1424,1424,43510001,23,22
1425,1425,43511001,23,21
1426,1426,43512001,17,33
1427,1427,43513001,22,23
1428,1428,43514001,21,23
1429,1429,43515001,19,21
1430,1430,43516001,21,16
1431,1431,43517001,14,40
1432,1432,43518001,14,29
1433,1433,43519001,24,14
1434,1434,43520001,22,16
1435,1435,43521001,16,20
1436,1436,43522001,24,23
1437,1437,43523001,20,14
1438,1438,43524001,31,13
1439,1439,43525001,25,15
1440,1440,43526001,10,47
1441,1441,43527001,4,50
1442,1442,43528001,2,45
1443,1443,43529001,-4,52
1444,1444,43530001,26,15
1445,1445,43531001,10,36
1446,1446,43532001,15,30
1447,1447,43533001,16,32
1448,1448,43534001,27,12
1449,1449,43535001,26,23
1450,1450,43536001,20,19
1451,1451,43537001,16,27
1452,1452,43538001,26,10
1453,1453,43539001,24,17
1454,1454,43540001,19,28
1455,1455,43541001,22,17
1456,1456,43542001,24,17
1457,1457,43543001,17,21
1458,1458,43544001,22,21
1459,1459,43545001,23,23
1460,1460,43546001,15,26
1461,1461,43547001,24,22
1462,1462,43548001,20,13
1463,1463,43549001,19,44
1464,1464,43550001,19,13
1465,1465,43551001,25,10
1466,1466,43552001,21,25
1467,1467,43553001,11,30
1468,1468,43554001,23,18
1469,1469,43555001,23,24
1470,1470,43556001,20,18
1471,1471,43557001,23,16
1472,1472,43558001,22,20
1473,1473,43559001,17,19
1474,1474,43560001,14,28
1475,1475,43561001,15,36
1476,1476,43562001,12,31
1477,1477,43563001,10,33
1478,1478,43564001,23,17
1479,1479,43565001,19,28
1480,1480,43566001,23,18
1481,1481,43567001,23,21
1482,1482,43568001,20,30
1483,1483,43569001,29,10
1484,1484,43570001,13,37
1485,1485,43571001,18,30
1486,1486,43572001,21,26
1487,1487,43573001,15,37
1488,1488,43574001,20,23
1489,1489,43575001,15,27
1490,1490,43576001,22,9
1491,1491,43577001,22,10
1492,1492,43578001,18,19
1493,1493,43579001,16,20
1494,1494,43580001,18,25
1495,1495,43581001,20,22
1496,1496,43582001,21,23
1497,1497,43583001,21,18
1498,1498,43584001,22,21
1499,1499,43585001,25,14
1500,1500,43586001,16,18
1501,1501,43587001,21,19
1502,1502,43588001,12,36
1503,1503,43589001,24,17
1504,1504,43590001,13,27
1505,1505,43591001,26,27
1506,1506,43592001,24,12
1507,1507,43593001,29,15
1508,1508,43594001,19,18
1509,1509,43595001,13,21
1510,1510,43596001,23,26
1511,1511,43597001,20,20
1512,1512,43598001,20,21
1513,1513,43599001,21,25
1514,1514,43600001,14,30
1515,1515,43601001,19,20
1516,1516,43602001,22,24
1517,1517,43603001,18,15
1518,1518,43604001,27,16
1519,1519,43605001,20,17
1520,1520,43606001,12,28
1521,1521,43607001,15,22
1522,1522,43608001,25,14
1523,1523,43609001,14,27
1524,1524,43610001,21,21
1525,1525,43611001,15,18
1526,1526,43612001,24,23
1527,1527,43613001,25,18
1528,1528,43614001,16,15
1529,1529,43615001,15,17
1530,1530,43616001,15,21
1531,1531,43617001,14,34
1532,1532,43618001,26,13
1533,1533,43619001,19,24
1534,1534,43620001,25,17
1535,1535,43621001,22,20
1536,1536,43622001,24,22
1537,1537,43623001,11,31
1538,1538,43624001,17,32
1539,1539,43625001,14,24
1540,1540,43626001,16,21
1541,1541,43627001,13,29
1542,1542,43628001,20,18
1543,1543,43629001,13,25
1544,1544,43630001,21,21
1545,1545,43631001,21,28
1546,1546,43632001,15,29
1547,1547,43633001,25,22
1548,1548,43634001,19,19
1549,1549,43635001,15,25
1550,1550,43636001,24,15
1551,1551,43637001,19,30
1552,1552,43638001,15,18
1553,1553,43639001,21,19
1554,1554,43640001,15,22
1555,1555,43641001,17,18
1556,1556,43642001,26,16
1557,1557,43643001,14,30
1558,1558,43644001,13,28
1559,1559,43645001,21,18
1560,1560,43646001,17,35
1561,1561,43647001,23,17
1562,1562,43648001,21,26
1563,1563,43649001,19,28
1564,1564,43650001,19,27
1565,1565,43651001,22,24
1566,1566,43652001,12,29
1567,1567,43653001,22,23
1568,1568,43654001,23,11
1569,1569,43655001,21,7
1570,1570,43656001,22,20
1571,1571,43657001,16,25
1572,1572,43658001,21,24
1573,1573,43659001,21,26
1574,1574,43660001,16,26
1575,1575,43661001,18,28
1576,1576,43662001,24,20
1577,1577,43663001,21,26
1578,1578,43664001,23,24
1579,1579,43665001,23,17
1580,1580,43666001,23,9
1581,1581,43667001,29,12
1582,1582,43668001,14,29
1583,1583,43669001,21,24
1584,1584,43670001,20,24
1585,1585,43671001,26,13
1586,1586,43672001,20,20
1587,1587,43673001,23,20
1588,1588,43674001,26,10
1589,1589,43675001,23,14
1590,1590,43676001,21,20
1591,1591,43677001,31,8
1592,1592,43678001,23,17
1593,1593,43679001,14,30
1594,1594,43680001,21,12
1595,1595,43681001,16,24
1596,1596,43682001,14,27
1597,1597,43683001,21,19
1598,1598,43684001,23,27
1599,1599,43685001,20,25
1600,1600,43686001,21,25
1601,1601,43687001,16,25
1602,1602,43688001,10,30
1603,1603,43689001,20,21
1604,1604,43690001,21,21
1605,1605,43691001,25,15
1606,1606,43692001,18,24
1607,1607,43693001,17,24
1608,1608,43694001,17,23
1609,1609,43695001,16,26
1610,1610,43696001,17,23
1611,1611,43697001,12,35
1612,1612,43698001,12,28
1613,1613,43699001,26,10
1614,1614,43700001,16,28
1615,1615,43701001,27,9
1616,1616,43702001,21,21
1617,1617,43703001,22,11
1618,1618,43704001,24,18
1619,1619,43705001,24,27
1620,1620,43706001,14,24
1621,1621,43707001,21,21
1622,1622,43708001,21,21
1623,1623,43709001,21,13
1624,1624,43710001,18,23
1625,1625,43711001,24,22
1626,1626,43712001,20,20
1627,1627,43713001,19,13
1628,1628,43714001,17,27
1629,1629,43715001,27,22
1630,1630,43716001,20,23
1631,1631,43717001,29,19
1632,1632,43718001,21,23
1633,1633,43719001,28,13
1634,1634,43720001,15,22
1635,1635,43721001,27,18
1636,1636,43722001,15,24
1637,1637,43723001,21,19
1638,1638,43724001,21,22
1639,1639,43725001,16,19
1640,1640,43726001,15,23
1641,1641,43727001,17,19
1642,1642,43728001,18,22
1643,1643,43729001,22,29
1644,1644,43730001,18,22
1645,1645,43731001,20,18
1646,1646,43732001,20,23
1647,1647,43733001,30,8
1648,1648,43734001,19,27
1649,1649,43735001,13,18
1650,1650,43736001,14,27
1651,1651,43737001,15,26
1652,1652,43738001,28,14
1653,1653,43739001,18,20
1654,1654,43740001,30,11
1655,1655,43741001,20,17
1656,1656,43742001,23,17
1657,1657,43743001,21,22
1658,1658,43744001,19,30
1659,1659,43745001,26,20
1660,1660,43746001,19,19
1661,1661,43747001,29,16
1662,1662,43748001,22,19
1663,1663,43749001,17,20
1664,1664,43750001,19,17
1665,1665,43751001,13,30
1666,1666,43752001,20,18
1667,1667,43753001,19,20
1668,1668,43754001,28,19
1669,1669,43755001,13,22
1670,1670,43756001,20,24
1671,1671,43757001,22,16
1672,1672,43758001,22,17
1673,1673,43759001,19,26
1674,1674,43760001,14,23
1675,1675,43761001,18,18
1676,1676,43762001,16,24
1677,1677,43763001,21,32
1678,1678,43764001,20,22
1679,1679,43765001,27,19
1680,1680,43766001,18,17
1681,1681,43767001,24,19
1682,1682,43768001,22,26
1683,1683,43769001,18,17
1684,1684,43770001,22,19
1685,1685,43771001,12,31
1686,1686,43772001,24,16
1687,1687,43773001,19,21
1688,1688,43774001,24,20
1689,1689,43775001,33,7
1690,1690,43776001,30,13
1691,1691,43777001,28,14
1692,1692,43778001,8,34
1693,1693,43779001,20,27
1694,1694,43780001,13,29
1695,1695,43781001,19,18
1696,1696,43782001,18,22
1697,1697,43783001,24,27
1698,1698,43784001,25,14
1699,1699,43785001,18,21
1700,1700,43786001,16,27
1701,1701,43787001,11,30
1702,1702,43788001,18,25
1703,1703,43789001,21,15
1704,1704,43790001,27,8
1705,1705,43791001,22,11
1706,1706,43792001,19,30
1707,1707,43793001,16,24
1708,1708,43794001,24,17
1709,1709,43795001,18,17
1710,1710,43796001,28,11
1711,1711,43797001,20,14
1712,1712,43798001,17,33
1713,1713,43799001,16,14
1714,1714,43800001,20,19
1715,1715,43801001,26,22
1716,1716,43802001,18,26
1717,1717,43803001,17,31
1718,1718,43804001,18,24
1719,1719,43805001,21,20
1720,1720,43806001,28,16
1721,1721,43807001,6,34
1722,1722,43808001,19,34
1723,1723,43809001,20,18
1724,1724,43810001,10,32
1725,1725,43811001,15,21
1726,1726,43812001,18,17
1727,1727,43813001,16,24
1728,1728,43814001,23,30
1729,1729,43815001,26,20
1730,1730,43816001,19,20
1731,1731,43817001,21,10
1732,1732,43818001,23,21
1733,1733,43819001,15,28
1734,1734,43820001,26,21
1735,1735,43821001,23,18
1736,1736,43822001,15,29
1737,1737,43823001,15,40
1738,1738,43824001,18,21
1739,1739,43825001,28,19
1740,1740,43826001,23,27
1741,1741,43827001,20,26
1742,1742,43828001,17,30
1743,1743,43829001,22,9
1744,1744,43830001,23,20
1745,1745,43831001,23,22
1746,1746,43832001,29,11
1747,1747,43833001,23,19
1748,1748,43834001,25,10
1749,1749,43835001,18,19
1750,1750,43836001,19,20
1751,1751,43837001,21,21
1752,1752,43838001,19,12
1753,1753,43839001,15,29
1754,1754,43840001,23,20
1755,1755,43841001,19,24
1756,1756,43842001,22,12
1757,1757,43843001,24,8
1758,1758,43844001,17,18
1759,1759,43845001,18,16
1760,1760,43846001,26,17
1761,1761,43847001,16,22
1762,1762,43848001,19,16
1763,1763,43849001,18,25
1764,1764,43850001,25,22
1765,1765,43851001,20,15
1766,1766,43852001,10,34
1767,1767,43853001,16,19
1768,1768,43854001,21,15
1769,1769,43855001,22,18
1770,1770,43856001,11,28
1771,1771,43857001,23,15
1772,1772,43858001,25,19
1773,1773,43859001,24,10
1774,1774,43860001,24,19
1775,1775,43861001,12,36
1776,1776,43862001,27,16
1777,1777,43863001,29,14
1778,1778,43864001,21,14
1779,1779,43865001,21,25
1780,1780,43866001,23,23
1781,1781,43867001,9,42
1782,1782,43868001,19,15
1783,1783,43869001,25,21
1784,1784,43870001,14,24
1785,1785,43871001,18,37
1786,1786,43872001,22,29
1787,1787,43873001,21,12
1788,1788,43874001,24,29
1789,1789,43875001,19,21
1790,1790,43876001,14,23
1791,1791,43877001,25,20
1792,1792,43878001,5,44
1793,1793,43879001,22,22
1794,1794,43880001,25,15
1795,1795,43881001,18,27
1796,1796,43882001,17,19
1797,1797,43883001,20,22
1798,1798,43884001,16,30
1799,1799,43885001,10,33
1800,1800,43886001,18,19
1801,1801,43887001,20,24
1802,1802,43888001,18,32
1803,1803,43889001,17,24
1804,1804,43890001,15,24
1805,1805,43891001,14,27
1806,1806,43892001,26,16
1807,1807,43893001,24,17
1808,1808,43894001,21,17
1809,1809,43895001,20,13
1810,1810,43896001,18,16
1811,1811,43897001,18,24
1812,1812,43898001,26,20
1813,1813,43899001,17,19
1814,1814,43900001,15,31
1815,1815,43901001,18,29
1816,1816,43902001,18,23
1817,1817,43903001,16,24
1818,1818,43904001,14,27
1819,1819,43905001,29,14
1820,1820,43906001,20,28
1821,1821,43907001,19,18
1822,1822,43908001,25,14
1823,1823,43909001,28,15
1824,1824,43910001,21,15
1825,1825,43911001,19,30
1826,1826,43912001,20,14
1827,1827,43913001,27,15
1828,1828,43914001,28,11
1829,1829,43915001,23,26
1830,1830,43916001,10,40
1831,1831,43917001,14,26
1832,1832,43918001,15,23
1833,1833,43919001,20,23
1834,1834,43920001,21,15
1835,1835,43921001,13,27
1836,1836,43922001,11,28
1837,1837,43923001,16,18
1838,1838,43924001,25,17
1839,1839,43925001,23,23
1840,1840,43926001,19,19
1841,1841,43927001,20,28
1842,1842,43928001,18,20
1843,1843,43929001,16,26
1844,1844,43930001,24,23
1845,1845,43931001,16,29
1846,1846,43932001,24,20
1847,1847,43933001,32,8
1848,1848,43934001,10,28
1849,1849,43935001,16,26
1850,1850,43936001,15,29
1851,1851,43937001,16,26
1852,1852,43938001,25,17
1853,1853,43939001,13,25
1854,1854,43940001,27,14
1855,1855,43941001,23,19
1856,1856,43942001,31,15
1857,1857,43943001,23,22
1858,1858,43944001,18,19
1859,1859,43945001,14,25
1860,1860,43946001,20,16
1861,1861,43947001,14,36
1862,1862,43948001,22,22
1863,1863,43949001,23,12
1864,1864,43950001,22,33
1865,1865,43951001,17,19
1866,1866,43952001,25,17
1867,1867,43953001,23,19
1868,1868,43954001,19,26
1869,1869,43955001,19,24
1870,1870,43956001,7,37
1871,1871,43957001,26,20
1872,1872,43958001,27,17
1873,1873,43959001,25,19
1874,1874,43960001,20,21
1875,1875,43961001,29,11
1876,1876,43962001,18,27
1877,1877,43963001,19,17
1878,1878,43964001,19,23
1879,1879,43965001,18,21
1880,1880,43966001,26,16
1881,1881,43967001,27,17
1882,1882,43968001,19,20
1883,1883,43969001,16,26
1884,1884,43970001,20,36
1885,1885,43971001,18,25
1886,1886,43972001,25,20
1887,1887,43973001,15,24
1888,1888,43974001,21,24
1889,1889,43975001,18,29
1890,1890,43976001,15,25
1891,1891,43977001,23,15
1892,1892,43978001,25,21
1893,1893,43979001,23,29
1894,1894,43980001,21,28
1895,1895,43981001,14,36
1896,1896,43982001,24,11
1897,1897,43983001,26,22
1898,1898,43984001,14,31
1899,1899,43985001,27,18
1900,1900,43986001,16,23
1901,1901,43987001,21,19
1902,1902,43988001,19,26
1903,1903,43989001,23,24
1904,1904,43990001,21,21
1905,1905,43991001,21,31
1906,1906,43992001,12,25
1907,1907,43993001,23,10
1908,1908,43994001,22,29
1909,1909,43995001,29,14
1910,1910,43996001,16,26
1911,1911,43997001,24,13
1912,1912,43998001,10,29
1913,1913,43999001,24,10
1914,1914,44000001,30,8
1915,1915,44001001,13,23
1916,1916,44002001,17,21
1917,1917,44003001,19,25
1918,1918,44004001,18,21
1919,1919,44005001,23,20
1920,1920,44006001,16,15
1921,1921,44007001,8,44
1922,1922,44008001,24,13
1923,1923,44009001,20,20
1924,1924,44010001,20,16
1925,1925,44011001,26,14
1926,1926,44012001,22,15
1927,1927,44013001,15,25
1928,1928,44014001,23,19
1929,1929,44015001,32,7
1930,1930,44016001,30,11
1931,1931,44017001,32,8
1932,1932,44018001,30,9
1933,1933,44019001,34,6
1934,1934,44020001,33,3
1935,1935,44021001,27,6
1936,1936,44022001,34,3
1937,1937,44023001,25,16
1938,1938,44024001,28,10
1939,1939,44025001,28,12
1940,1940,44026001,26,7
1941,1941,44027001,34,6
1942,1942,44028001,30,5
1943,1943,44029001,32,10
1944,1944,44030001,28,4
1945,1945,44031001,27,7
1946,1946,44032001,31,8
1947,1947,44033001,31,4
1948,1948,44034001,28,16
1949,1949,44035001,25,15
1950,1950,44036001,27,18
1951,1951,44037001,32,13
1952,1952,44038001,25,8
1953,1953,44039001,23,11
1954,1954,44040001,27,6
1955,1955,44041001,33,10
1956,1956,44042001,33,6
1957,1957,44043001,29,6
1958,1958,44044001,29,3
1959,1959,44045001,34,7
1960,1960,44046001,31,6
1961,1961,44047001,18,19
1962,1962,44048001,20,15
1963,1963,44049001,20,25
1964,1964,44050001,16,33
1965,1965,44051001,23,12
1966,1966,44052001,24,15
1967,1967,44053001,15,31
1968,1968,44054001,9,32
1969,1969,44055001,17,24
1970,1970,44056001,20,17
1971,1971,44057001,17,26
1972,1972,44058001,19,22
1973,1973,44059001,14,28
1974,1974,44060001,17,17
1975,1975,44061001,27,14
1976,1976,44062001,21,14
1977,1977,44063001,26,11
1978,1978,44064001,25,5
1979,1979,44065001,17,23
1980,1980,44066001,25,20
1981,1981,44067001,13,29
1982,1982,44068001,21,18
1983,1983,44069001,22,14
1984,1984,44070001,21,25
1985,1985,44071001,11,39
1986,1986,44072001,12,20
1987,1987,44073001,17,20
1988,1988,44074001,16,27
1989,1989,44075001,23,20
1990,1990,44076001,12,34
1991,1991,44077001,25,23
1992,1992,44078001,21,29
1993,1993,44079001,14,23
1994,1994,44080001,20,27
1995,1995,44081001,17,26
1996,1996,44082001,22,12
1997,1997,44083001,14,31
1998,1998,44084001,22,13
1999,1999,44085001,23,21
2000,2000,44086001,18,31
2001,2001,44087001,19,16
2002,2002,44088001,19,20
2003,2003,44089001,30,12
2004,2004,44090001,24,21
2005,2005,44091001,10,23
2006,2006,44092001,20,16
2007,2007,44093001,18,21
2008,2008,44094001,25,20
2009,2009,44095001,21,19
2010,2010,44096001,19,13
2011,2011,44097001,21,22
2012,2012,44098001,30,13
2013,2013,44099001,31,9
2014,2014,44100001,21,15
2015,2015,44101001,26,17
2016,2016,44102001,20,17
2017,2017,44103001,18,30
2018,2018,44104001,23,16
2019,2019,44105001,18,26
2020,2020,44106001,28,16
2021,2021,44107001,21,13
2022,2022,44108001,20,26
2023,2023,44109001,14,19
2024,2024,44110001,20,27
2025,2025,44111001,21,16
2026,2026,44112001,13,22
2027,2027,44113001,14,26
2028,2028,44114001,22,25
2029,2029,44115001,26,13
2030,2030,44116001,20,25
2031,2031,44117001,25,24
2032,2032,44118001,13,26
2033,2033,44119001,14,32
2034,2034,44120001,19,20
2035,2035,44121001,25,10
2036,2036,44122001,-2,55
2037,2037,44123001,-4,47
2038,2038,44124001,-1,61
2039,2039,44125001,1,51
2040,2040,44126001,11,34
2041,2041,44127001,14,22
2042,2042,44128001,28,16
2043,2043,44129001,7,35
2044,2044,44130001,20,30
2045,2045,44131001,16,34
2046,2046,44132001,22,22
2047,2047,44133001,30,14
2048,2048,44134001,22,17
2049,2049,44135001,13,37
2050,2050,44136001,24,19
2051,2051,44137001,17,16
2052,2052,44138001,25,13
2053,2053,44139001,17,23
2054,2054,44140001,15,21
2055,2055,44141001,22,13
2056,2056,44142001,17,34
2057,2057,44143001,29,16
2058,2058,44144001,31,9
2059,2059,44145001,21,22
2060,2060,44146001,12,26
2061,2061,44147001,24,15
2062,2062,44148001,21,11
2063,2063,44149001,19,23
2064,2064,44150001,15,22
2065,2065,44151001,17,24
2066,2066,44152001,26,22
2067,2067,44153001,24,19
2068,2068,44154001,20,21
2069,2069,44155001,20,24
2070,2070,44156001,22,16
2071,2071,44157001,16,26
2072,2072,44158001,22,17
2073,2073,44159001,18,21
2074,2074,44160001,23,18
