,Unnamed: 0,SKU,InStock,NumberOrdered
0,0,42081001,20,26
1,1,42082001,26,19
2,2,42083001,14,27
3,3,42084001,17,34
4,4,42085001,30,13
5,5,42086001,12,33
6,6,42087001,14,19
7,7,42088001,25,17
8,8,42089001,20,25
9,9,42090001,24,21
10,10,42091001,9,30
11,11,42092001,25,20
12,12,42093001,24,6
13,13,42094001,21,16
14,14,42095001,13,31
15,15,42096001,22,20
16,16,42097001,24,19
17,17,42098001,14,34
18,18,42099001,16,29
19,19,42100001,21,22
20,20,42101001,17,21
21,21,42102001,18,27
22,22,42103001,23,13
23,23,42104001,23,26
24,24,42105001,20,23
25,25,42106001,18,25
26,26,42107001,17,24
27,27,42108001,17,31
28,28,42109001,19,22
29,29,42110001,17,25
30,30,42111001,18,23
31,31,42112001,17,17
32,32,42113001,26,12
33,33,42114001,23,24
34,34,42115001,16,22
35,35,42116001,20,26
36,36,42117001,19,22
37,37,42118001,17,24
38,38,42119001,23,14
39,39,42120001,25,23
40,40,42121001,17,24
41,41,42122001,23,20
42,42,42123001,16,20
43,43,42124001,23,23
44,44,42125001,18,32
45,45,42126001,13,36
46,46,42127001,22,26
47,47,42128001,23,15
48,48,42129001,15,23
49,49,42130001,22,15
50,50,42131001,20,15
51,51,42132001,14,29
52,52,42133001,17,23
53,53,42134001,19,22
54,54,42135001,31,13
55,55,42136001,11,43
56,56,42137001,14,28
57,57,42138001,21,24
58,58,42139001,21,21
59,59,42140001,21,20
60,60,42141001,22,30
61,61,42142001,25,22
62,62,42143001,24,20
63,63,42144001,18,20
64,64,42145001,19,25
65,65,42146001,21,17
66,66,42147001,29,9
67,67,42148001,18,22
68,68,42149001,26,7
69,69,42150001,30,7
70,70,42151001,27,9
71,71,42152001,36,7
72,72,42153001,28,12
73,73,42154001,30,14
74,74,42155001,26,9
75,75,42156001,24,5
76,76,42157001,26,14
77,77,42158001,28,15
78,78,42159001,17,22
79,79,42160001,17,25
80,80,42161001,16,18
81,81,42162001,22,21
82,82,42163001,20,20
83,83,42164001,24,25
84,84,42165001,24,19
85,85,42166001,13,26
86,86,42167001,17,23
87,87,42168001,21,24
88,88,42169001,25,27
89,89,42170001,25,21
90,90,42171001,13,27
91,91,42172001,23,13
92,92,42173001,19,27
93,93,42174001,27,18
94,94,42175001,24,20
95,95,42176001,11,28
96,96,42177001,27,17
97,97,42178001,19,21
98,98,42179001,16,26
99,99,42180001,14,37
100,100,42181001,23,22
101,101,42182001,22,19
102,102,42183001,25,23
103,103,42184001,24,18
104,104,42185001,26,13
105,105,42186001,11,24
106,106,42187001,20,22
107,107,42188001,14,29
108,108,42189001,22,24
109,109,42190001,17,20
110,110,42191001,20,19
111,111,42192001,25,16
112,112,42193001,18,17
113,113,42194001,28,16
114,114,42195001,22,24
115,115,42196001,10,36
116,116,42197001,20,22
117,117,42198001,24,12
118,118,42199001,13,34
119,119,42200001,19,21
120,120,42201001,20,22
121,121,42202001,24,16
122,122,42203001,27,16
123,123,42204001,20,20
124,124,42205001,28,19
125,125,42206001,25,17
126,126,42207001,14,29
127,127,42208001,19,24
128,128,42209001,29,20
129,129,42210001,21,18
130,130,42211001,18,22
131,131,42212001,18,23
132,132,42213001,24,16
133,133,42214001,25,10
134,134,42215001,21,18
135,135,42216001,22,20
136,136,42217001,16,18
137,137,42218001,11,30
138,138,42219001,26,12
139,139,42220001,25,21
140,140,42221001,13,27
141,141,42222001,23,22
142,142,42223001,16,27
143,143,42224001,14,27
144,144,42225001,24,22
145,145,42226001,20,25
146,146,42227001,16,24
147,147,42228001,18,21
148,148,42229001,18,21
149,149,42230001,22,24
150,150,42231001,14,25
151,151,42232001,19,21
152,152,42233001,22,17
153,153,42234001,27,18
154,154,42235001,24,28
155,155,42236001,16,22
156,156,42237001,29,14
157,157,42238001,19,20
158,158,42239001,13,24
159,159,42240001,17,26
160,160,42241001,20,16
161,161,42242001,17,26
162,162,42243001,29,13
163,163,42244001,23,12
164,164,42245001,18,21
165,165,42246001,6,36
166,166,42247001,22,17
167,167,42248001,24,13
168,168,42249001,27,10
169,169,42250001,17,19
170,170,42251001,23,24
171,171,42252001,18,20
172,172,42253001,20,18
173,173,42254001,22,25
174,174,42255001,24,15
175,175,42256001,23,28
176,176,42257001,16,28
177,177,42258001,16,17
178,178,42259001,24,24
179,179,42260001,10,27
180,180,42261001,23,21
181,181,42262001,17,29
182,182,42263001,26,17
183,183,42264001,28,16
184,184,42265001,19,18
185,185,42266001,0,63
186,186,42267001,-7,76
187,187,42268001,11,23
188,188,42269001,11,33
189,189,42270001,18,36
190,190,42271001,15,25
191,191,42272001,21,23
192,192,42273001,20,17
193,193,42274001,30,15
194,194,42275001,15,26
195,195,42276001,21,16
196,196,42277001,14,24
197,197,42278001,10,37
198,198,42279001,27,19
199,199,42280001,24,17
200,200,42281001,20,30
201,201,42282001,27,20
202,202,42283001,20,25
203,203,42284001,22,26
204,204,42285001,20,29
205,205,42286001,24,15
206,206,42287001,17,20
207,207,42288001,21,24
208,208,42289001,26,13
209,209,42290001,20,32
210,210,42291001,20,21
211,211,42292001,17,22
212,212,42293001,17,21
213,213,42294001,23,12
214,214,42295001,22,16
215,215,42296001,22,20
216,216,42297001,25,15
217,217,42298001,14,23
218,218,42299001,19,20
219,219,42300001,21,24
220,220,42301001,21,23
221,221,42302001,14,32
222,222,42303001,13,27
223,223,42304001,16,26
224,224,42305001,17,24
225,225,42306001,18,26
226,226,42307001,20,23
227,227,42308001,15,27
228,228,42309001,23,19
229,229,42310001,19,21
230,230,42311001,-124,242
231,231,42312001,-105,203
232,232,42313001,-123,227
233,233,42314001,-116,231
234,234,42315001,20,20
235,235,42316001,20,20
236,236,42317001,21,28
237,237,42318001,14,32
238,238,42319001,16,26
239,239,42320001,24,20
240,240,42321001,17,18
241,241,42322001,27,10
242,242,42323001,12,29
243,243,42324001,21,27
244,244,42325001,13,29
245,245,42326001,26,15
246,246,42327001,23,16
247,247,42328001,22,31
248,248,42329001,28,13
249,249,42330001,23,17
250,250,42331001,8,47
251,251,42332001,24,20
252,252,42333001,21,22
253,253,42334001,7,58
254,254,42335001,0,65
255,255,42336001,17,34
256,256,42337001,19,32
257,257,42338001,23,9
258,258,42339001,15,19
259,259,42340001,18,15
260,260,42341001,19,21
261,261,42342001,21,23
262,262,42343001,27,12
263,263,42344001,26,20
264,264,42345001,23,21
265,265,42346001,11,33
266,266,42347001,20,27
267,267,42348001,24,20
268,268,42349001,3,46
269,269,42350001,13,37
270,270,42351001,18,22
271,271,42352001,28,17
272,272,42353001,23,23
273,273,42354001,18,30
274,274,42355001,-257,438
275,275,42356001,-283,483
276,276,42357001,-277,467
277,277,42358001,-273,467
278,278,42359001,-259,413
279,279,42360001,-250,443
280,280,42361001,8,41
281,281,42362001,28,8
282,282,42363001,22,25
283,283,42364001,15,27
284,284,42365001,21,21
285,285,42366001,23,24
286,286,42367001,19,22
287,287,42368001,20,19
288,288,42369001,22,22
289,289,42370001,20,27
290,290,42371001,24,15
291,291,42372001,14,29
292,292,42373001,19,28
293,293,42374001,18,27
294,294,42375001,9,34
295,295,42376001,21,23
296,296,42377001,22,21
297,297,42378001,21,22
298,298,42379001,13,23
299,299,42380001,12,33
300,300,42381001,24,9
301,301,42382001,21,19
302,302,42383001,20,19
303,303,42384001,15,22
304,304,42385001,20,17
305,305,42386001,16,24
306,306,42387001,16,24
307,307,42388001,21,28
308,308,42389001,19,21
309,309,42390001,22,24
310,310,42391001,13,24
311,311,42392001,14,42
312,312,42393001,13,28
313,313,42394001,20,13
314,314,42395001,18,25
315,315,42396001,22,20
316,316,42397001,18,22
317,317,42398001,21,12
318,318,42399001,11,28
319,319,42400001,25,22
320,320,42401001,16,29
321,321,42402001,22,25
322,322,42403001,17,18
323,323,42404001,21,16
324,324,42405001,15,18
325,325,42406001,25,13
326,326,42407001,29,10
327,327,42408001,16,25
328,328,42409001,18,37
329,329,42410001,24,14
330,330,42411001,19,21
331,331,42412001,19,30
332,332,42413001,20,20
333,333,42414001,28,10
334,334,42415001,14,25
335,335,42416001,16,27
336,336,42417001,22,25
337,337,42418001,21,13
338,338,42419001,23,23
339,339,42420001,15,25
340,340,42421001,19,19
341,341,42422001,18,27
342,342,42423001,25,15
343,343,42424001,24,19
344,344,42425001,12,31
345,345,42426001,8,37
346,346,42427001,20,16
347,347,42428001,25,21
348,348,42429001,16,29
349,349,42430001,22,25
350,350,42431001,22,20
351,351,42432001,20,23
352,352,42433001,13,27
353,353,42434001,21,20
354,354,42435001,16,22
355,355,42436001,17,26
356,356,42437001,13,23
357,357,42438001,24,29
358,358,42439001,21,28
359,359,42440001,11,29
360,360,42441001,9,34
361,361,42442001,19,27
362,362,42443001,17,28
363,363,42444001,14,37
364,364,42445001,20,25
365,365,42446001,14,23
366,366,42447001,18,21
367,367,42448001,26,10
368,368,42449001,25,22
369,369,42450001,17,22
370,370,42451001,16,19
371,371,42452001,11,32
372,372,42453001,23,18
373,373,42454001,22,19
374,374,42455001,15,27
375,375,42456001,19,23
376,376,42457001,20,16
377,377,42458001,21,15
378,378,42459001,14,31
379,379,42460001,24,20
380,380,42461001,18,31
381,381,42462001,28,18
382,382,42463001,18,33
383,383,42464001,17,26
384,384,42465001,15,25
385,385,42466001,21,12
386,386,42467001,25,25
387,387,42468001,29,14
388,388,42469001,27,20
389,389,42470001,26,12
390,390,42471001,26,24
391,391,42472001,21,19
392,392,42473001,32,7
393,393,42474001,21,16
394,394,42475001,21,18
395,395,42476001,17,19
396,396,42477001,26,13
397,397,42478001,18,23
398,398,42479001,28,12
399,399,42480001,19,33
400,400,42481001,21,31
401,401,42482001,25,17
402,402,42483001,21,24
403,403,42484001,20,18
404,404,42485001,16,23
405,405,42486001,10,28
406,406,42487001,15,33
407,407,42488001,13,36
408,408,42489001,14,26
409,409,42490001,27,14
410,410,42491001,23,22
411,411,42492001,20,14
412,412,42493001,26,8
413,413,42494001,23,18
414,414,42495001,28,19
415,415,42496001,21,33
416,416,42497001,16,19
417,417,42498001,22,21
418,418,42499001,10,33
419,419,42500001,28,19
420,420,42501001,6,31
421,421,42502001,19,17
422,422,42503001,18,26
423,423,42504001,24,15
424,424,42505001,24,21
425,425,42506001,12,22
426,426,42507001,22,24
427,427,42508001,23,20
428,428,42509001,20,12
429,429,42510001,26,17
430,430,42511001,22,28
431,431,42512001,19,38
432,432,42513001,18,28
433,433,42514001,20,15
434,434,42515001,24,18
435,435,42516001,30,18
436,436,42517001,12,26
437,437,42518001,28,10
438,438,42519001,20,25
439,439,42520001,-10,66
440,440,42521001,-6,48
441,441,42522001,-3,65
442,442,42523001,-5,65
443,443,42524001,6,47
444,444,42525001,11,45
445,445,42526001,-9,53
446,446,42527001,2,63
447,447,42528001,-3,48
448,448,42529001,-3,48
449,449,42530001,24,19
450,450,42531001,11,38
451,451,42532001,23,11
452,452,42533001,21,23
453,453,42534001,20,25
454,454,42535001,20,20
455,455,42536001,15,29
456,456,42537001,19,22
457,457,42538001,25,19
458,458,42539001,13,32
459,459,42540001,14,36
460,460,42541001,24,22
461,461,42542001,26,17
462,462,42543001,18,31
463,463,42544001,24,23
464,464,42545001,22,20
465,465,42546001,23,29
466,466,42547001,17,22
467,467,42548001,26,16
468,468,42549001,16,19
469,469,42550001,21,19
470,470,42551001,25,14
471,471,42552001,25,21
472,472,42553001,16,16
473,473,42554001,20,17
474,474,42555001,28,18
475,475,42556001,17,27
476,476,42557001,20,16
477,477,42558001,27,16
478,478,42559001,16,18
479,479,42560001,27,11
480,480,42561001,20,21
481,481,42562001,12,42
482,482,42563001,-14,72
483,483,42564001,-8,55
484,484,42565001,23,20
485,485,42566001,10,39
486,486,42567001,-10,70
487,487,42568001,-6,52
488,488,42569001,10,31
489,489,42570001,3,44
490,490,42571001,2,43
491,491,42572001,2,53
492,492,42573001,2,46
493,493,42574001,2,47
494,494,42575001,7,43
495,495,42576001,14,34
496,496,42577001,-4,47
497,497,42578001,17,17
498,498,42579001,26,12
499,499,42580001,-10,62
500,500,42581001,-1,44
501,501,42582001,-8,65
502,502,42583001,-3,62
503,503,42584001,-4,67
504,504,42585001,11,34
505,505,42586001,22,26
506,506,42587001,25,19
507,507,42588001,21,28
508,508,42589001,21,15
509,509,42590001,19,22
510,510,42591001,25,29
511,511,42592001,24,11
512,512,42593001,21,23
513,513,42594001,18,33
514,514,42595001,26,14
515,515,42596001,23,24
516,516,42597001,22,20
517,517,42598001,23,26
518,518,42599001,34,8
519,519,42600001,29,3
520,520,42601001,24,16
521,521,42602001,31,7
522,522,42603001,28,8
523,523,42604001,23,14
524,524,42605001,22,11
525,525,42606001,31,10
526,526,42607001,32,6
527,527,42608001,23,12
528,528,42609001,26,11
529,529,42610001,29,7
530,530,42611001,26,7
531,531,42612001,28,8
532,532,42613001,28,10
533,533,42614001,28,10
534,534,42615001,33,8
535,535,42616001,27,7
536,536,42617001,26,6
537,537,42618001,26,9
538,538,42619001,26,13
539,539,42620001,34,8
540,540,42621001,30,14
541,541,42622001,26,17
542,542,42623001,19,22
543,543,42624001,27,18
544,544,42625001,27,20
545,545,42626001,10,39
546,546,42627001,22,11
547,547,42628001,21,18
548,548,42629001,17,16
549,549,42630001,23,23
550,550,42631001,20,21
551,551,42632001,17,23
552,552,42633001,24,18
553,553,42634001,18,18
554,554,42635001,20,32
555,555,42636001,16,25
556,556,42637001,17,20
557,557,42638001,8,40
558,558,42639001,19,20
559,559,42640001,19,18
560,560,42641001,23,31
561,561,42642001,12,29
562,562,42643001,18,25
563,563,42644001,16,34
564,564,42645001,19,19
565,565,42646001,19,22
566,566,42647001,27,10
567,567,42648001,27,15
568,568,42649001,22,18
569,569,42650001,20,21
570,570,42651001,12,42
571,571,42652001,19,32
572,572,42653001,23,23
573,573,42654001,18,23
574,574,42655001,17,15
575,575,42656001,19,25
576,576,42657001,19,18
577,577,42658001,21,23
578,578,42659001,21,25
579,579,42660001,16,24
580,580,42661001,17,18
581,581,42662001,20,15
582,582,42663001,15,28
583,583,42664001,17,19
584,584,42665001,27,20
585,585,42666001,23,10
586,586,42667001,23,14
587,587,42668001,26,14
588,588,42669001,18,29
589,589,42670001,9,32
590,590,42671001,-4,55
591,591,42672001,24,31
592,592,42673001,27,13
593,593,42674001,25,12
594,594,42675001,18,21
595,595,42676001,23,32
596,596,42677001,29,13
597,597,42678001,18,28
598,598,42679001,17,25
599,599,42680001,21,24
600,600,42681001,21,20
601,601,42682001,24,12
602,602,42683001,17,34
603,603,42684001,21,11
604,604,42685001,13,34
605,605,42686001,15,23
606,606,42687001,13,27
607,607,42688001,21,26
608,608,42689001,16,29
609,609,42690001,14,27
610,610,42691001,24,18
611,611,42692001,18,25
612,612,42693001,18,34
613,613,42694001,21,16
614,614,42695001,25,14
615,615,42696001,20,20
616,616,42697001,22,9
617,617,42698001,23,21
618,618,42699001,18,13
619,619,42700001,21,13
620,620,42701001,28,12
621,621,42702001,13,29
622,622,42703001,18,22
623,623,42704001,17,32
624,624,42705001,17,26
625,625,42706001,17,18
626,626,42707001,13,35
627,627,42708001,21,19
628,628,42709001,16,31
629,629,42710001,24,26
630,630,42711001,15,24
631,631,42712001,15,28
632,632,42713001,21,8
633,633,42714001,23,26
634,634,42715001,12,39
635,635,42716001,14,23
636,636,42717001,28,18
637,637,42718001,9,29
638,638,42719001,27,15
639,639,42720001,22,24
640,640,42721001,27,12
641,641,42722001,23,18
642,642,42723001,26,15
643,643,42724001,21,13
644,644,42725001,25,15
645,645,42726001,22,22
646,646,42727001,25,6
647,647,42728001,16,21
648,648,42729001,24,18
649,649,42730001,25,19
650,650,42731001,26,16
651,651,42732001,18,25
652,652,42733001,21,27
653,653,42734001,20,13
654,654,42735001,16,19
655,655,42736001,9,40
656,656,42737001,10,26
657,657,42738001,18,21
658,658,42739001,29,20
659,659,42740001,27,20
660,660,42741001,21,17
661,661,42742001,24,14
662,662,42743001,11,28
663,663,42744001,11,27
664,664,42745001,18,21
665,665,42746001,12,27
666,666,42747001,22,21
667,667,42748001,16,29
668,668,42749001,23,26
669,669,42750001,18,20
670,670,42751001,16,29
671,671,42752001,23,23
672,672,42753001,13,28
673,673,42754001,22,18
674,674,42755001,20,18
675,675,42756001,19,20
676,676,42757001,18,20
677,677,42758001,24,15
678,678,42760001,17,18
679,679,42762001,25,8
680,680,42763001,18,25
681,681,42764001,26,12
682,682,42765001,26,23
683,683,42766001,18,25
684,684,42767001,18,21
685,685,42768001,17,29
686,686,42769001,21,24
687,687,42770001,24,20
688,688,42771001,21,15
689,689,42772001,7,28
690,690,42773001,12,27
691,691,42774001,18,28
692,692,42775001,18,19
693,693,42776001,23,25
694,694,42777001,13,22
695,695,42778001,-1,63
696,696,42779001,23,22
697,697,42780001,10,21
698,698,42781001,27,23
699,699,42782001,21,20
700,700,42783001,17,18
701,701,42784001,16,29
702,702,42785001,23,17
703,703,42786001,27,7
704,704,42787001,38,2
705,705,42788001,32,3
706,706,42789001,32,3
707,707,42790001,26,11
708,708,42791001,20,15
709,709,42792001,15,37
710,710,42793001,12,34
711,711,42794001,11,31
712,712,42795001,16,25
713,713,42796001,10,27
714,714,42797001,16,37
715,715,42798001,16,39
716,716,42799001,13,24
717,717,42800001,20,24
718,718,42801001,25,19
719,719,42802001,13,24
720,720,42803001,25,17
721,721,42804001,14,24
722,722,42805001,19,24
723,723,42806001,22,19
724,724,42807001,25,18
725,725,42808001,23,30
726,726,42809001,20,24
727,727,42810001,20,20
728,728,42811001,13,20
729,729,42812001,27,15
730,730,42813001,21,22
731,731,42814001,21,15
732,732,42815001,12,43
733,733,42816001,12,29
734,734,42817001,14,33
735,735,42818001,18,31
736,736,42819001,23,18
737,737,42820001,25,15
738,738,42821001,24,19
739,739,42822001,17,35
740,740,42823001,21,15
741,741,42824001,33,10
742,742,42825001,19,17
743,743,42826001,22,13
744,744,42827001,28,11
745,745,42828001,22,24
746,746,42829001,21,23
747,747,42830001,27,11
748,748,42831001,26,19
749,749,42832001,18,23
750,750,42833001,20,15
751,751,42834001,25,20
752,752,42835001,31,12
753,753,42836001,14,26
754,754,42837001,17,25
755,755,42838001,16,28
756,756,42839001,28,14
757,757,42840001,21,27
758,758,42841001,15,21
759,759,42842001,17,24
760,760,42843001,18,24
761,761,42844001,13,35
762,762,42845001,25,17
763,763,42846001,22,8
764,764,42847001,21,21
765,765,42848001,21,33
766,766,42849001,24,21
767,767,42850001,-1,65
768,768,42851001,19,18
769,769,42852001,20,28
770,770,42853001,15,31
771,771,42854001,25,21
772,772,42855001,11,35
773,773,42856001,18,24
774,774,42857001,25,23
775,775,42858001,13,25
776,776,42859001,24,18
777,777,42860001,21,19
778,778,42861001,18,17
779,779,42863001,18,21
780,780,42864001,25,18
781,781,42865001,17,22
782,782,42866001,23,23
783,783,42867001,13,24
784,784,42868001,16,23
785,785,42869001,17,34
786,786,42870001,23,33
787,787,42871001,21,25
788,788,42872001,14,31
789,789,42873001,15,30
790,790,42874001,21,21
791,791,42875001,10,36
792,792,42876001,27,12
793,793,42877001,26,18
794,794,42878001,21,21
795,795,42879001,27,19
796,796,42880001,22,22
797,797,42881001,23,22
798,798,42882001,24,20
799,799,42883001,19,28
800,800,42884001,24,19
801,801,42885001,20,20
802,802,42886001,16,28
803,803,42887001,22,16
804,804,42888001,19,22
805,805,42889001,13,25
806,806,42890001,21,13
807,807,42891001,18,17
808,808,42892001,19,24
809,809,42893001,23,20
810,810,42894001,14,16
811,811,42895001,20,20
812,812,42896001,13,29
813,813,42897001,15,28
814,814,42898001,15,20
815,815,42899001,28,14
816,816,42900001,19,30
817,817,42901001,26,20
818,818,42902001,13,31
819,819,42903001,23,18
820,820,42904001,14,30
821,821,42905001,18,29
822,822,42906001,15,28
823,823,42907001,15,21
824,824,42908001,11,36
825,825,42909001,24,20
826,826,42910001,28,11
827,827,42911001,18,28
828,828,42912001,11,36
829,829,42913001,13,29
830,830,42914001,18,21
831,831,42915001,12,31
832,832,42916001,18,24
833,833,42917001,25,16
834,834,42918001,18,21
835,835,42919001,15,38
836,836,42920001,21,24
837,837,42921001,20,23
838,838,42922001,24,24
839,839,42923001,16,21
840,840,42924001,16,30
841,841,42925001,27,16
842,842,42926001,20,19
843,843,42927001,15,23
844,844,42928001,12,32
845,845,42929001,25,13
846,846,42930001,11,33
847,847,42931001,27,13
848,848,42932001,12,34
849,849,42933001,15,34
850,850,42934001,22,23
851,851,42935001,27,14
852,852,42936001,23,27
853,853,42937001,20,15
854,854,42938001,20,25
855,855,42939001,8,31
856,856,42940001,21,11
857,857,42941001,16,21
858,858,42942001,19,23
859,859,42943001,25,16
860,860,42944001,20,20
861,861,42945001,19,20
862,862,42946001,22,15
863,863,42947001,19,38
864,864,42948001,12,29
865,865,42949001,16,26
866,866,42950001,19,20
867,867,42951001,19,23
868,868,42952001,14,27
869,869,42953001,12,31
870,870,42954001,13,28
871,871,42955001,22,12
872,872,42956001,17,25
873,873,42957001,18,36
874,874,42958001,25,19
875,875,42959001,24,15
876,876,42960001,20,19
877,877,42961001,15,20
878,878,42962001,28,16
879,879,42963001,31,9
880,880,42964001,23,27
881,881,42965001,27,17
882,882,42966001,23,15
883,883,42967001,32,10
884,884,42968001,24,17
885,885,42969001,19,29
886,886,42970001,23,20
887,887,42971001,27,10
888,888,42972001,27,20
889,889,42973001,19,28
890,890,42974001,21,27
891,891,42975001,16,15
892,892,42976001,20,15
893,893,42977001,19,22
894,894,42978001,25,22
895,895,42979001,13,36
896,896,42980001,19,24
897,897,42981001,14,25
898,898,42982001,22,23
899,899,42983001,28,14
900,900,42984001,20,36
901,901,42985001,12,26
902,902,42986001,26,20
903,903,42987001,18,21
904,904,42988001,20,19
905,905,42989001,17,19
906,906,42990001,14,25
907,907,42991001,18,19
908,908,42992001,11,35
909,909,42993001,18,23
910,910,42994001,10,39
911,911,42995001,16,20
912,912,42996001,21,14
913,913,42997001,22,30
914,914,42998001,26,20
915,915,42999001,22,26
916,916,43000001,24,24
917,917,43001001,18,28
918,918,43002001,19,31
919,919,43003001,16,27
920,920,43004001,18,17
921,921,43005001,19,30
922,922,43006001,27,18
923,923,43007001,27,14
924,924,43008001,23,12
925,925,43009001,30,9
926,926,43010001,34,7
927,927,43011001,31,6
928,928,43012001,27,10
929,929,43013001,34,5
930,930,43014001,28,3
931,931,43015001,28,7
932,932,43016001,24,7
933,933,43017001,25,14
934,934,43018001,27,5
935,935,43019001,24,8
936,936,43020001,23,10
937,937,43021001,34,10
938,938,43022001,27,17
939,939,43023001,30,3
940,940,43024001,31,12
941,941,43025001,32,5
942,942,43026001,29,14
943,943,43027001,26,16
944,944,43028001,33,5
945,945,43029001,35,7
946,946,43030001,33,7
947,947,43031001,36,6
948,948,43032001,31,6
949,949,43033001,34,8
950,950,43034001,27,8
951,951,43035001,31,8
952,952,43036001,36,2
953,953,43037001,31,5
954,954,43038001,32,10
955,955,43039001,29,11
956,956,43040001,35,5
957,957,43041001,27,11
958,958,43042001,32,7
959,959,43043001,22,18
960,960,43044001,19,15
961,961,43045001,11,34
962,962,43046001,15,33
963,963,43047001,12,33
964,964,43048001,27,19
965,965,43049001,15,21
966,966,43050001,16,19
967,967,43051001,24,17
968,968,43052001,23,14
969,969,43053001,25,16
970,970,43054001,19,35
971,971,43055001,20,17
972,972,43056001,18,25
973,973,43057001,22,21
974,974,43058001,19,12
975,975,43059001,23,21
976,976,43060001,23,22
977,977,43061001,21,31
978,978,43062001,28,5
979,979,43063001,17,17
980,980,43064001,15,29
981,981,43065001,20,19
982,982,43066001,19,20
983,983,43067001,23,20
984,984,43068001,28,19
985,985,43071001,18,29
986,986,43072001,25,26
987,987,43073001,18,20
988,988,43074001,24,14
989,989,43075001,27,15
990,990,43076001,23,15
991,991,43077001,28,14
992,992,43078001,18,27
993,993,43079001,27,12
994,994,43080001,13,25
995,995,43081001,22,19
996,996,43082001,17,19
997,997,43083001,20,19
998,998,43084001,26,21
999,999,43085001,23,27
1000,1000,43086001,21,27
1001,1001,43087001,20,19
1002,1002,43088001,24,29
1003,1003,43089001,24,27
1004,1004,43090001,28,26
1005,1005,43091001,16,29
1006,1006,43092001,14,32
1007,1007,43093001,21,17
1008,1008,43094001,19,17
1009,1009,43095001,22,19
1010,1010,43096001,17,20
1011,1011,43097001,22,22
1012,1012,43098001,25,19
1013,1013,43099001,15,20
1014,1014,43100001,18,31
1015,1015,43101001,12,31
1016,1016,43102001,19,18
1017,1017,43103001,23,24
1018,1018,43104001,17,26
1019,1019,43105001,18,27
1020,1020,43106001,17,29
1021,1021,43107001,33,11
1022,1022,43108001,12,39
1023,1023,43109001,17,24
1024,1024,43110001,21,20
1025,1025,43111001,20,15
1026,1026,43112001,13,39
1027,1027,43113001,26,19
1028,1028,43114001,21,31
1029,1029,43115001,16,34
1030,1030,43116001,22,16
1031,1031,43117001,21,22
1032,1032,43118001,20,19
1033,1033,43119001,24,17
1034,1034,43120001,23,23
1035,1035,43121001,13,39
1036,1036,43122001,11,33
1037,1037,43123001,21,34
1038,1038,43124001,22,20
1039,1039,43125001,18,20
1040,1040,43126001,14,24
1041,1041,43127001,25,11
1042,1042,43128001,28,10
1043,1043,43129001,11,36
1044,1044,43130001,18,16
1045,1045,43131001,18,29
1046,1046,43132001,15,31
1047,1047,43133001,20,26
1048,1048,43134001,13,37
1049,1049,43135001,16,23
1050,1050,43136001,21,25
1051,1051,43137001,15,20
1052,1052,43138001,19,24
1053,1053,43139001,18,22
1054,1054,43140001,16,19
1055,1055,43141001,27,8
1056,1056,43142001,17,22
1057,1057,43143001,19,19
1058,1058,43144001,21,23
1059,1059,43145001,18,27
1060,1060,43146001,16,30
1061,1061,43147001,24,27
1062,1062,43148001,24,18
1063,1063,43149001,23,19
1064,1064,43150001,12,30
1065,1065,43151001,26,11
1066,1066,43152001,22,18
1067,1067,43153001,27,15
1068,1068,43154001,23,16
1069,1069,43155001,24,16
1070,1070,43156001,20,27
1071,1071,43157001,21,23
1072,1072,43158001,19,28
1073,1073,43159001,25,16
1074,1074,43160001,22,24
1075,1075,43161001,21,22
1076,1076,43162001,20,26
1077,1077,43163001,23,9
1078,1078,43164001,16,21
1079,1079,43165001,19,9
1080,1080,43166001,25,12
1081,1081,43167001,22,23
1082,1082,43168001,24,16
1083,1083,43169001,27,21
1084,1084,43170001,26,26
1085,1085,43171001,25,14
1086,1086,43172001,28,17
1087,1087,43173001,20,23
1088,1088,43174001,26,19
1089,1089,43175001,21,15
1090,1090,43176001,23,18
1091,1091,43177001,18,28
1092,1092,43178001,26,22
1093,1093,43179001,22,19
1094,1094,43180001,21,28
1095,1095,43181001,25,16
1096,1096,43182001,23,15
1097,1097,43183001,12,38
1098,1098,43184001,17,21
1099,1099,43185001,29,11
1100,1100,43186001,21,20
1101,1101,43187001,18,19
1102,1102,43188001,20,23
1103,1103,43189001,17,32
1104,1104,43190001,5,33
1105,1105,43191001,20,26
1106,1106,43192001,23,22
1107,1107,43193001,19,16
1108,1108,43194001,15,38
1109,1109,43195001,23,32
1110,1110,43196001,17,17
1111,1111,43197001,20,32
1112,1112,43198001,25,11
1113,1113,43199001,9,34
1114,1114,43200001,23,18
1115,1115,43201001,20,26
1116,1116,43202001,18,21
1117,1117,43203001,20,22
1118,1118,43204001,18,23
1119,1119,43205001,24,13
1120,1120,43206001,23,13
1121,1121,43207001,21,22
1122,1122,43208001,24,25
1123,1123,43209001,27,13
1124,1124,43210001,29,6
1125,1125,43211001,32,4
1126,1126,43212001,35,8
1127,1127,43213001,31,7
1128,1128,43214001,34,9
1129,1129,43215001,28,5
1130,1130,43216001,36,5
1131,1131,43217001,34,5
1132,1132,43218001,29,8
1133,1133,43219001,17,20
1134,1134,43220001,19,20
1135,1135,43221001,20,24
1136,1136,43222001,25,20
1137,1137,43223001,25,11
1138,1138,43224001,19,17
1139,1139,43225001,20,22
1140,1140,43226001,20,18
1141,1141,43227001,20,12
1142,1142,43228001,13,20
1143,1143,43229001,13,18
1144,1144,43230001,21,26
1145,1145,43231001,13,25
1146,1146,43232001,16,23
1147,1147,43233001,22,21
1148,1148,43234001,24,23
1149,1149,43235001,15,20
1150,1150,43236001,27,15
1151,1151,43237001,12,29
1152,1152,43238001,20,25
1153,1153,43239001,24,11
1154,1154,43240001,23,23
1155,1155,43241001,19,26
1156,1156,43242001,20,20
1157,1157,43243001,16,27
1158,1158,43244001,19,21
1159,1159,43245001,24,15
1160,1160,43246001,15,27
1161,1161,43247001,14,25
1162,1162,43248001,28,10
1163,1163,43249001,30,10
1164,1164,43250001,16,24
1165,1165,43251001,15,26
1166,1166,43252001,17,14
1167,1167,43253001,30,7
1168,1168,43254001,29,4
1169,1169,43255001,33,12
1170,1170,43256001,32,10
1171,1171,43257001,27,8
1172,1172,43258001,29,3
1173,1173,43259001,33,6
1174,1174,43260001,25,7
1175,1175,43261001,26,12
1176,1176,43262001,32,9
1177,1177,43263001,28,9
1178,1178,43264001,26,12
1179,1179,43265001,31,4
1180,1180,43266001,26,12
1181,1181,43267001,33,6
1182,1182,43268001,34,9
1183,1183,43269001,25,8
1184,1184,43270001,24,6
1185,1185,43271001,33,7
1186,1186,43272001,32,5
1187,1187,43273001,28,9
1188,1188,43274001,31,10
1189,1189,43275001,30,3
1190,1190,43276001,33,6
1191,1191,43277001,27,20
1192,1192,43278001,32,8
1193,1193,43279001,29,8
1194,1194,43280001,28,9
1195,1195,43281001,35,7
1196,1196,43282001,26,7
1197,1197,43283001,29,9
1198,1198,43284001,25,12
1199,1199,43285001,36,3
1200,1200,43286001,32,12
1201,1201,43287001,33,8
1202,1202,43288001,32,4
1203,1203,43289001,32,2
1204,1204,43290001,28,6
1205,1205,43291001,26,4
1206,1206,43292001,25,9
1207,1207,43293001,29,11
1208,1208,43294001,33,15
1209,1209,43295001,28,8
1210,1210,43296001,33,6
1211,1211,43297001,30,9
1212,1212,43298001,32,7
1213,1213,43299001,31,11
1214,1214,43300001,30,3
1215,1215,43301001,32,8
1216,1216,43302001,27,10
1217,1217,43303001,30,10
1218,1218,43304001,32,6
1219,1219,43305001,29,7
1220,1220,43306001,28,8
1221,1221,43307001,22,11
1222,1222,43308001,31,8
1223,1223,43309001,28,14
1224,1224,43310001,36,4
1225,1225,43311001,29,8
1226,1226,43312001,31,11
1227,1227,43313001,30,10
1228,1228,43314001,29,8
1229,1229,43315001,26,11
1230,1230,43316001,26,5
1231,1231,43317001,31,11
1232,1232,43318001,31,12
1233,1233,43319001,27,13
1234,1234,43320001,21,11
1235,1235,43321001,28,5
1236,1236,43322001,38,2
1237,1237,43323001,24,8
1238,1238,43324001,25,7
1239,1239,43325001,29,11
1240,1240,43326001,35,7
1241,1241,43327001,30,7
1242,1242,43328001,30,4
1243,1243,43329001,21,17
1244,1244,43330001,25,6
1245,1245,43331001,24,11
1246,1246,43332001,29,9
1247,1247,43333001,28,10
1248,1248,43334001,27,18
1249,1249,43335001,23,8
1250,1250,43336001,29,8
1251,1251,43337001,26,18
1252,1252,43338001,26,11
1253,1253,43339001,31,13
1254,1254,43340001,33,6
1255,1255,43341001,36,7
1256,1256,43342001,32,6
1257,1257,43343001,27,7
1258,1258,43344001,28,7
1259,1259,43345001,31,14
1260,1260,43346001,26,11
1261,1261,43347001,21,15
1262,1262,43348001,25,5
1263,1263,43349001,25,10
1264,1264,43350001,33,9
1265,1265,43351001,27,15
1266,1266,43352001,20,18
1267,1267,43353001,28,4
1268,1268,43354001,28,8
1269,1269,43355001,30,14
1270,1270,43356001,22,22
1271,1271,43357001,23,10
1272,1272,43358001,35,5
1273,1273,43359001,24,8
1274,1274,43360001,31,15
1275,1275,43361001,33,12
1276,1276,43362001,29,8
1277,1277,43363001,34,5
1278,1278,43364001,29,13
1279,1279,43365001,32,11
1280,1280,43366001,20,15
1281,1281,43367001,25,8
1282,1282,43368001,28,3
1283,1283,43369001,32,9
1284,1284,43370001,29,10
1285,1285,43371001,23,15
1286,1286,43372001,34,7
1287,1287,43373001,30,5
1288,1288,43374001,32,11
1289,1289,43375001,28,5
1290,1290,43376001,26,5
1291,1291,43377001,29,12
1292,1292,43378001,32,7
1293,1293,43379001,34,1
1294,1294,43380001,29,8
1295,1295,43381001,28,11
1296,1296,43382001,32,4
1297,1297,43383001,21,15
1298,1298,43384001,24,24
1299,1299,43385001,23,20
1300,1300,43386001,18,15
1301,1301,43387001,17,29
1302,1302,43388001,17,33
1303,1303,43389001,12,24
1304,1304,43390001,26,17
1305,1305,43391001,13,35
1306,1306,43392001,18,26
1307,1307,43393001,10,32
1308,1308,43394001,12,30
1309,1309,43395001,7,33
1310,1310,43396001,21,23
1311,1311,43397001,10,29
1312,1312,43398001,15,27
1313,1313,43399001,17,29
1314,1314,43400001,12,27
1315,1315,43401001,10,36
1316,1316,43402001,15,31
1317,1317,43403001,11,33
1318,1318,43404001,19,20
1319,1319,43405001,28,15
1320,1320,43406001,25,29
1321,1321,43407001,21,25
1322,1322,43408001,11,28
1323,1323,43409001,25,19
1324,1324,43410001,18,23
1325,1325,43411001,17,31
1326,1326,43412001,16,18
1327,1327,43413001,24,19
1328,1328,43414001,19,30
1329,1329,43415001,19,31
1330,1330,43416001,15,18
1331,1331,43417001,26,21
1332,1332,43418001,7,43
1333,1333,43419001,22,18
1334,1334,43420001,15,33
1335,1335,43421001,17,28
1336,1336,43422001,15,43
1337,1337,43423001,18,30
1338,1338,43424001,27,10
1339,1339,43425001,16,28
1340,1340,43426001,28,14
1341,1341,43427001,12,31
1342,1342,43428001,20,29
1343,1343,43429001,24,22
1344,1344,43430001,24,13
1345,1345,43431001,27,15
1346,1346,43432001,18,22
1347,1347,43433001,22,15
1348,1348,43434001,18,19
1349,1349,43435001,15,21
1350,1350,43436001,16,20
1351,1351,43437001,13,34
1352,1352,43438001,17,24
1353,1353,43439001,26,18
1354,1354,43440001,13,26
1355,1355,43441001,22,29
1356,1356,43442001,12,29
1357,1357,43443001,23,16
1358,1358,43444001,14,22
1359,1359,43445001,13,34
1360,1360,43446001,9,33
1361,1361,43447001,10,39
1362,1362,43448001,10,33
1363,1363,43449001,24,27
1364,1364,43450001,17,26
1365,1365,43451001,25,18
1366,1366,43452001,12,33
1367,1367,43453001,21,27
1368,1368,43454001,19,14
1369,1369,43455001,20,12
1370,1370,43456001,31,7
1371,1371,43457001,19,21
1372,1372,43458001,16,30
1373,1373,43459001,25,13
1374,1374,43460001,24,18
1375,1375,43461001,19,14
1376,1376,43462001,16,26
1377,1377,43463001,13,37
1378,1378,43464001,27,17
1379,1379,43465001,15,29
1380,1380,43466001,18,24
1381,1381,43467001,15,20
1382,1382,43468001,23,11
1383,1383,43469001,21,21
1384,1384,43470001,22,23
1385,1385,43471001,16,25
1386,1386,43472001,20,19
1387,1387,43473001,27,19
1388,1388,43474001,21,18
1389,1389,43475001,22,20
1390,1390,43476001,23,22
1391,1391,43477001,22,19
1392,1392,43478001,26,10
1393,1393,43479001,23,24
1394,1394,43480001,21,26
1395,1395,43481001,26,22
1396,1396,43482001,26,16
1397,1397,43483001,21,28
1398,1398,43484001,20,22
1399,1399,43485001,21,33
1400,1400,43486001,18,23
1401,1401,43487001,27,14
1402,1402,43488001,23,17
1403,1403,43489001,13,25
1404,1404,43490001,24,17
1405,1405,43491001,15,28
1406,1406,43492001,15,18
1407,1407,43493001,24,23
1408,1408,43494001,20,22
1409,1409,43495001,29,18
1410,1410,43496001,18,24
1411,1411,43497001,19,24
1412,1412,43498001,20,25
1413,1413,43499001,24,15
1414,1414,43500001,21,15
1415,1415,43501001,17,28
1416,1416,43502001,24,13
1417,1417,43503001,27,18
1418,1418,43504001,18,28
1419,1419,43505001,17,31
1420,1420,43506001,29,11
1421,1421,43507001,22,11
1422,1422,43508001,20,16
1423,1423,43509001,32,8
1424,1424,43510001,21,19
1425,1425,43511001,25,21
1426,1426,43512001,22,28
1427,1427,43513001,17,20
1428,1428,43514001,24,21
1429,1429,43515001,21,19
1430,1430,43516001,19,22
1431,1431,43517001,26,18
1432,1432,43518001,20,33
1433,1433,43519001,24,19
1434,1434,43520001,18,39
1435,1435,43521001,25,23
1436,1436,43522001,28,13
1437,1437,43523001,19,19
1438,1438,43524001,21,24
1439,1439,43525001,9,42
1440,1440,43526001,-6,57
1441,1441,43527001,-1,42
1442,1442,43528001,1,45
1443,1443,43529001,-2,45
1444,1444,43530001,14,30
1445,1445,43531001,14,21
1446,1446,43532001,18,21
1447,1447,43533001,22,22
1448,1448,43534001,26,9
1449,1449,43535001,16,19
1450,1450,43536001,13,28
1451,1451,43537001,23,20
1452,1452,43538001,21,14
1453,1453,43539001,20,25
1454,1454,43540001,28,14
1455,1455,43541001,27,7
1456,1456,43542001,14,25
1457,1457,43543001,18,26
1458,1458,43544001,13,29
1459,1459,43545001,25,13
1460,1460,43546001,24,10
1461,1461,43547001,15,25
1462,1462,43548001,17,22
1463,1463,43549001,18,27
1464,1464,43550001,17,26
1465,1465,43551001,22,14
1466,1466,43552001,15,24
1467,1467,43553001,27,16
1468,1468,43554001,24,20
1469,1469,43555001,23,18
1470,1470,43556001,17,17
1471,1471,43557001,26,15
1472,1472,43558001,19,21
1473,1473,43559001,17,17
1474,1474,43560001,25,19
1475,1475,43561001,22,21
1476,1476,43562001,23,16
1477,1477,43563001,29,14
1478,1478,43564001,17,22
1479,1479,43565001,15,26
1480,1480,43566001,17,16
1481,1481,43567001,14,32
1482,1482,43568001,15,30
1483,1483,43569001,14,32
1484,1484,43570001,21,23
1485,1485,43571001,17,25
1486,1486,43572001,16,31
1487,1487,43573001,25,13
1488,1488,43574001,20,23
1489,1489,43575001,26,18
1490,1490,43576001,17,23
1491,1491,43577001,18,29
1492,1492,43578001,13,29
1493,1493,43579001,28,17
1494,1494,43580001,20,28
1495,1495,43581001,26,28
1496,1496,43582001,27,12
1497,1497,43583001,19,32
1498,1498,43584001,17,28
1499,1499,43585001,12,34
1500,1500,43586001,18,18
1501,1501,43587001,24,21
1502,1502,43588001,13,24
1503,1503,43589001,21,20
1504,1504,43590001,17,25
1505,1505,43591001,23,14
1506,1506,43592001,24,20
1507,1507,43593001,16,26
1508,1508,43594001,23,27
1509,1509,43595001,21,18
1510,1510,43596001,21,28
1511,1511,43597001,21,24
1512,1512,43598001,17,34
1513,1513,43599001,18,20
1514,1514,43600001,18,26
1515,1515,43601001,17,19
1516,1516,43602001,19,28
1517,1517,43603001,22,15
1518,1518,43604001,24,22
1519,1519,43605001,13,28
1520,1520,43606001,14,29
1521,1521,43607001,19,32
1522,1522,43608001,11,34
1523,1523,43609001,28,17
1524,1524,43610001,15,21
1525,1525,43611001,18,27
1526,1526,43612001,19,23
1527,1527,43613001,12,33
1528,1528,43614001,18,23
1529,1529,43615001,16,29
1530,1530,43616001,17,16
1531,1531,43617001,11,45
1532,1532,43618001,24,20
1533,1533,43619001,27,21
1534,1534,43620001,30,10
1535,1535,43621001,22,18
1536,1536,43622001,19,18
1537,1537,43623001,27,19
1538,1538,43624001,11,34
1539,1539,43625001,19,27
1540,1540,43626001,15,34
1541,1541,43627001,21,22
1542,1542,43628001,28,22
1543,1543,43629001,25,23
1544,1544,43630001,23,26
1545,1545,43631001,14,27
1546,1546,43632001,28,11
1547,1547,43633001,24,18
1548,1548,43634001,20,14
1549,1549,43635001,13,35
1550,1550,43636001,14,28
1551,1551,43637001,18,16
1552,1552,43638001,16,26
1553,1553,43639001,13,28
1554,1554,43640001,16,26
1555,1555,43641001,16,23
1556,1556,43642001,26,16
1557,1557,43643001,15,20
1558,1558,43644001,17,30
1559,1559,43645001,15,29
1560,1560,43646001,26,20
1561,1561,43647001,22,32
1562,1562,43648001,12,30
1563,1563,43649001,27,20
1564,1564,43650001,22,9
1565,1565,43651001,23,7
1566,1566,43652001,21,15
1567,1567,43653001,24,11
1568,1568,43654001,17,30
1569,1569,43655001,19,16
1570,1570,43656001,15,27
1571,1571,43657001,19,21
1572,1572,43658001,24,20
1573,1573,43659001,19,17
1574,1574,43660001,16,21
1575,1575,43661001,18,23
1576,1576,43662001,11,32
1577,1577,43663001,21,10
1578,1578,43664001,18,18
1579,1579,43665001,22,25
1580,1580,43666001,18,21
1581,1581,43667001,21,24
1582,1582,43668001,21,32
1583,1583,43669001,19,28
1584,1584,43670001,16,31
1585,1585,43671001,23,22
1586,1586,43672001,23,20
1587,1587,43673001,17,21
1588,1588,43674001,19,33
1589,1589,43675001,21,19
1590,1590,43676001,16,25
1591,1591,43677001,19,31
1592,1592,43678001,23,19
1593,1593,43679001,14,29
1594,1594,43680001,5,32
1595,1595,43681001,15,26
1596,1596,43682001,19,19
1597,1597,43683001,13,30
1598,1598,43684001,24,26
1599,1599,43685001,11,37
1600,1600,43686001,24,26
1601,1601,43687001,3,39
1602,1602,43688001,15,21
1603,1603,43689001,14,22
1604,1604,43690001,16,34
1605,1605,43691001,14,29
1606,1606,43692001,22,17
1607,1607,43693001,21,32
1608,1608,43694001,14,21
1609,1609,43695001,15,19
1610,1610,43696001,22,15
1611,1611,43697001,27,15
1612,1612,43698001,18,28
1613,1613,43699001,16,28
1614,1614,43700001,10,26
1615,1615,43701001,15,26
1616,1616,43702001,23,22
1617,1617,43703001,28,19
1618,1618,43704001,13,30
1619,1619,43705001,19,14
1620,1620,43706001,26,19
1621,1621,43707001,22,15
1622,1622,43708001,20,18
1623,1623,43709001,23,14
1624,1624,43710001,23,15
1625,1625,43711001,24,18
1626,1626,43712001,18,16
1627,1627,43713001,13,28
1628,1628,43714001,19,17
1629,1629,43715001,20,15
1630,1630,43716001,17,19
1631,1631,43717001,28,11
1632,1632,43718001,20,28
1633,1633,43719001,17,27
1634,1634,43720001,27,16
1635,1635,43721001,13,29
1636,1636,43722001,23,19
1637,1637,43723001,32,6
1638,1638,43724001,22,24
1639,1639,43725001,20,27
1640,1640,43726001,15,33
1641,1641,43727001,25,19
1642,1642,43728001,17,19
1643,1643,43729001,21,20
1644,1644,43730001,17,24
1645,1645,43731001,15,24
1646,1646,43732001,28,16
1647,1647,43733001,19,22
1648,1648,43734001,27,25
1649,1649,43735001,22,20
1650,1650,43736001,21,23
1651,1651,43737001,16,31
1652,1652,43738001,16,29
1653,1653,43739001,22,23
1654,1654,43740001,22,15
1655,1655,43741001,18,26
1656,1656,43742001,21,32
1657,1657,43743001,18,29
1658,1658,43744001,26,21
1659,1659,43745001,18,18
1660,1660,43746001,16,20
1661,1661,43747001,17,29
1662,1662,43748001,19,15
1663,1663,43749001,16,33
1664,1664,43750001,21,17
1665,1665,43751001,19,22
1666,1666,43752001,18,40
1667,1667,43753001,21,14
1668,1668,43754001,17,24
1669,1669,43755001,26,16
1670,1670,43756001,16,32
1671,1671,43757001,18,19
1672,1672,43758001,24,11
1673,1673,43759001,19,16
1674,1674,43760001,16,24
1675,1675,43761001,21,27
1676,1676,43762001,24,19
1677,1677,43763001,15,31
1678,1678,43764001,15,17
1679,1679,43765001,19,25
1680,1680,43766001,19,18
1681,1681,43767001,26,18
1682,1682,43768001,22,17
1683,1683,43769001,21,20
1684,1684,43770001,23,21
1685,1685,43771001,16,25
1686,1686,43772001,18,28
1687,1687,43773001,25,21
1688,1688,43774001,26,22
1689,1689,43775001,21,24
1690,1690,43776001,26,20
1691,1691,43777001,20,22
1692,1692,43778001,25,27
1693,1693,43779001,12,38
1694,1694,43780001,32,14
1695,1695,43781001,23,22
1696,1696,43782001,20,24
1697,1697,43783001,17,22
1698,1698,43784001,30,14
1699,1699,43785001,27,22
1700,1700,43786001,13,24
1701,1701,43787001,23,13
1702,1702,43788001,15,34
1703,1703,43789001,27,10
1704,1704,43790001,19,21
1705,1705,43791001,27,14
1706,1706,43792001,14,36
1707,1707,43793001,19,27
1708,1708,43794001,19,21
1709,1709,43795001,19,20
1710,1710,43796001,25,12
1711,1711,43797001,27,12
1712,1712,43798001,17,20
1713,1713,43799001,24,18
1714,1714,43800001,20,28
1715,1715,43801001,25,15
1716,1716,43802001,18,19
1717,1717,43803001,24,20
1718,1718,43804001,15,23
1719,1719,43805001,15,15
1720,1720,43806001,23,17
1721,1721,43807001,21,26
1722,1722,43808001,21,27
1723,1723,43809001,18,19
1724,1724,43810001,21,33
1725,1725,43811001,28,12
1726,1726,43812001,25,22
1727,1727,43813001,9,29
1728,1728,43814001,20,22
1729,1729,43815001,23,16
1730,1730,43816001,12,18
1731,1731,43817001,17,17
1732,1732,43818001,20,16
1733,1733,43819001,26,17
1734,1734,43820001,24,16
1735,1735,43821001,19,20
1736,1736,43822001,15,33
1737,1737,43823001,21,23
1738,1738,43824001,7,39
1739,1739,43825001,22,19
1740,1740,43826001,16,30
1741,1741,43827001,27,17
1742,1742,43828001,17,19
1743,1743,43829001,13,25
1744,1744,43830001,24,18
1745,1745,43831001,17,19
1746,1746,43832001,26,10
1747,1747,43833001,29,17
1748,1748,43834001,21,20
1749,1749,43835001,27,18
1750,1750,43836001,17,21
1751,1751,43837001,17,13
1752,1752,43838001,17,26
1753,1753,43839001,22,15
1754,1754,43840001,21,16
1755,1755,43841001,24,21
1756,1756,43842001,18,24
1757,1757,43843001,22,30
1758,1758,43844001,23,10
1759,1759,43845001,23,18
1760,1760,43846001,20,27
1761,1761,43847001,26,11
1762,1762,43848001,23,19
1763,1763,43849001,20,27
1764,1764,43850001,25,25
1765,1765,43851001,11,31
1766,1766,43852001,19,18
1767,1767,43853001,29,5
1768,1768,43854001,15,30
1769,1769,43855001,20,25
1770,1770,43856001,15,23
1771,1771,43857001,24,25
1772,1772,43858001,8,31
1773,1773,43859001,16,25
1774,1774,43860001,29,18
1775,1775,43861001,20,17
1776,1776,43862001,23,15
1777,1777,43863001,27,19
1778,1778,43864001,18,20
1779,1779,43865001,23,17
1780,1780,43866001,16,29
1781,1781,43867001,16,24
1782,1782,43868001,15,34
1783,1783,43869001,26,14
1784,1784,43870001,27,20
1785,1785,43871001,18,21
1786,1786,43872001,17,23
1787,1787,43873001,25,20
1788,1788,43874001,18,20
1789,1789,43875001,19,17
1790,1790,43876001,11,23
1791,1791,43877001,16,18
1792,1792,43878001,23,21
1793,1793,43879001,30,12
1794,1794,43880001,22,16
1795,1795,43881001,14,30
1796,1796,43882001,25,23
1797,1797,43883001,7,31
1798,1798,43884001,13,32
1799,1799,43885001,28,18
1800,1800,43886001,14,23
1801,1801,43887001,24,16
1802,1802,43888001,29,15
1803,1803,43889001,17,25
1804,1804,43890001,24,19
1805,1805,43891001,27,18
1806,1806,43892001,24,20
1807,1807,43893001,22,25
1808,1808,43894001,19,33
1809,1809,43895001,15,23
1810,1810,43896001,22,13
1811,1811,43897001,18,22
1812,1812,43898001,15,27
1813,1813,43899001,10,40
1814,1814,43900001,23,13
1815,1815,43901001,16,25
1816,1816,43902001,12,42
1817,1817,43903001,13,22
1818,1818,43904001,27,17
1819,1819,43905001,23,18
1820,1820,43906001,23,19
1821,1821,43907001,23,15
1822,1822,43908001,17,33
1823,1823,43909001,13,29
1824,1824,43910001,18,23
1825,1825,43911001,24,19
1826,1826,43912001,20,12
1827,1827,43913001,20,15
1828,1828,43914001,19,30
1829,1829,43915001,16,17
1830,1830,43916001,20,10
1831,1831,43917001,19,29
1832,1832,43918001,27,17
1833,1833,43919001,15,26
1834,1834,43920001,18,26
1835,1835,43921001,23,12
1836,1836,43922001,24,21
1837,1837,43923001,27,5
1838,1838,43924001,22,20
1839,1839,43925001,27,20
1840,1840,43926001,22,23
1841,1841,43927001,21,29
1842,1842,43928001,15,26
1843,1843,43929001,18,21
1844,1844,43930001,24,27
1845,1845,43931001,19,30
1846,1846,43932001,29,14
1847,1847,43933001,20,19
1848,1848,43934001,8,30
1849,1849,43935001,23,16
1850,1850,43936001,18,21
1851,1851,43937001,16,20
1852,1852,43938001,21,23
1853,1853,43939001,15,28
1854,1854,43940001,21,25
1855,1855,43941001,19,17
1856,1856,43942001,12,37
1857,1857,43943001,11,27
1858,1858,43944001,19,15
1859,1859,43945001,21,27
1860,1860,43946001,16,21
1861,1861,43947001,22,18
1862,1862,43948001,21,21
1863,1863,43949001,12,23
1864,1864,43950001,22,18
1865,1865,43951001,17,29
1866,1866,43952001,18,23
1867,1867,43953001,19,20
1868,1868,43954001,23,16
1869,1869,43955001,15,32
1870,1870,43956001,19,28
1871,1871,43957001,20,23
1872,1872,43958001,19,35
1873,1873,43959001,21,21
1874,1874,43960001,21,24
1875,1875,43961001,19,17
1876,1876,43962001,23,16
1877,1877,43963001,25,13
1878,1878,43964001,19,30
1879,1879,43965001,16,27
1880,1880,43966001,19,12
1881,1881,43967001,27,17
1882,1882,43968001,26,15
1883,1883,43969001,18,24
1884,1884,43970001,17,20
1885,1885,43971001,21,11
1886,1886,43972001,24,18
1887,1887,43973001,20,27
1888,1888,43974001,19,19
1889,1889,43975001,16,16
1890,1890,43976001,22,19
1891,1891,43977001,28,22
1892,1892,43978001,19,27
1893,1893,43979001,24,24
1894,1894,43980001,24,18
1895,1895,43981001,12,28
1896,1896,43982001,12,30
1897,1897,43983001,19,32
1898,1898,43984001,26,26
1899,1899,43985001,22,19
1900,1900,43986001,22,18
1901,1901,43987001,24,16
1902,1902,43988001,19,26
1903,1903,43989001,20,21
1904,1904,43990001,17,18
1905,1905,43991001,19,18
1906,1906,43992001,22,22
1907,1907,43993001,21,26
1908,1908,43994001,25,15
1909,1909,43995001,24,25
1910,1910,43996001,29,12
1911,1911,43997001,24,16
1912,1912,43998001,16,25
1913,1913,43999001,23,12
1914,1914,44000001,23,13
1915,1915,44001001,21,11
1916,1916,44002001,17,21
1917,1917,44003001,6,38
1918,1918,44004001,17,19
1919,1919,44005001,27,17
1920,1920,44006001,22,17
1921,1921,44007001,16,23
1922,1922,44008001,8,36
1923,1923,44009001,28,14
1924,1924,44010001,25,11
1925,1925,44011001,12,31
1926,1926,44012001,9,31
1927,1927,44013001,21,28
1928,1928,44014001,31,8
1929,1929,44015001,27,11
1930,1930,44016001,30,5
1931,1931,44017001,23,17
1932,1932,44018001,28,12
1933,1933,44019001,25,12
1934,1934,44020001,28,10
1935,1935,44021001,30,10
1936,1936,44022001,32,9
1937,1937,44023001,28,8
1938,1938,44024001,33,3
1939,1939,44025001,27,12
1940,1940,44026001,33,8
1941,1941,44027001,26,7
1942,1942,44028001,31,11
1943,1943,44029001,25,11
1944,1944,44030001,26,17
1945,1945,44031001,28,8
1946,1946,44032001,26,8
1947,1947,44033001,30,3
1948,1948,44034001,29,10
1949,1949,44035001,31,9
1950,1950,44036001,25,24
1951,1951,44037001,35,2
1952,1952,44038001,28,18
1953,1953,44039001,20,17
1954,1954,44040001,28,11
1955,1955,44041001,37,3
1956,1956,44042001,29,10
1957,1957,44043001,28,6
1958,1958,44044001,33,5
1959,1959,44045001,32,9
1960,1960,44046001,22,14
1961,1961,44047001,18,24
1962,1962,44048001,21,14
1963,1963,44049001,30,16
1964,1964,44050001,24,26
1965,1965,44051001,21,19
1966,1966,44052001,25,24
1967,1967,44053001,24,12
1968,1968,44054001,25,21
1969,1969,44055001,22,22
1970,1970,44056001,19,28
1971,1971,44057001,18,21
1972,1972,44058001,17,29
1973,1973,44059001,20,18
1974,1974,44060001,19,13
1975,1975,44061001,14,31
1976,1976,44062001,20,23
1977,1977,44063001,18,23
1978,1978,44064001,12,34
1979,1979,44065001,22,16
1980,1980,44066001,17,27
1981,1981,44067001,20,19
1982,1982,44068001,16,23
1983,1983,44069001,19,21
1984,1984,44070001,20,25
1985,1985,44071001,20,21
1986,1986,44072001,26,23
1987,1987,44073001,26,15
1988,1988,44074001,16,39
1989,1989,44075001,20,27
1990,1990,44076001,16,25
1991,1991,44077001,13,32
1992,1992,44078001,11,29
1993,1993,44079001,16,36
1994,1994,44080001,26,18
1995,1995,44081001,16,29
1996,1996,44082001,15,32
1997,1997,44083001,15,27
1998,1998,44084001,11,29
1999,1999,44085001,26,12
2000,2000,44086001,20,20
2001,2001,44087001,12,36
2002,2002,44088001,27,13
2003,2003,44089001,31,11
2004,2004,44090001,21,28
2005,2005,44091001,15,27
2006,2006,44092001,28,8
2007,2007,44093001,25,20
2008,2008,44094001,13,23
2009,2009,44095001,19,27
2010,2010,44096001,31,10
2011,2011,44097001,22,25
2012,2012,44098001,18,23
2013,2013,44099001,21,23
2014,2014,44100001,23,19
2015,2015,44101001,16,35
2016,2016,44102001,18,31
2017,2017,44103001,21,18
2018,2018,44104001,14,24
2019,2019,44105001,12,44
2020,2020,44106001,22,16
2021,2021,44107001,17,23
2022,2022,44108001,16,33
2023,2023,44109001,12,26
2024,2024,44110001,23,13
2025,2025,44111001,16,20
2026,2026,44112001,16,28
2027,2027,44113001,21,27
2028,2028,44114001,22,8
2029,2029,44115001,13,27
2030,2030,44116001,19,33
2031,2031,44117001,23,15
2032,2032,44118001,24,24
2033,2033,44119001,17,20
2034,2034,44120001,19,35
2035,2035,44121001,18,22
2036,2036,44122001,-2,57
2037,2037,44123001,5,45
2038,2038,44124001,-8,62
2039,2039,44125001,-3,62
2040,2040,44126001,19,27
2041,2041,44127001,23,16
2042,2042,44128001,21,29
2043,2043,44129001,18,29
2044,2044,44130001,19,23
2045,2045,44131001,19,22
2046,2046,44132001,23,23
2047,2047,44133001,26,16
2048,2048,44134001,18,35
2049,2049,44135001,22,27
2050,2050,44136001,20,19
2051,2051,44137001,17,22
2052,2052,44138001,25,25
2053,2053,44139001,22,26
2054,2054,44140001,23,15
2055,2055,44141001,25,28
2056,2056,44142001,17,24
2057,2057,44143001,24,14
2058,2058,44144001,23,27
2059,2059,44145001,25,20
2060,2060,44146001,24,23
2061,2061,44147001,21,20
2062,2062,44148001,13,23
2063,2063,44149001,24,19
2064,2064,44150001,15,24
2065,2065,44151001,25,25
2066,2066,44152001,12,29
2067,2067,44153001,26,10
2068,2068,44154001,15,34
2069,2069,44155001,15,26
2070,2070,44156001,23,9
2071,2071,44157001,12,32
2072,2072,44158001,29,11
2073,2073,44159001,18,31
2074,2074,44160001,19,18
