,Unnamed: 0,SKU,InStock,NumberOrdered
0,0,42081001,20,15
1,1,42082001,17,19
2,2,42083001,19,32
3,3,42084001,15,26
4,4,42085001,21,27
5,5,42086001,23,18
6,6,42087001,17,19
7,7,42088001,19,29
8,8,42089001,16,30
9,9,42090001,20,17
10,10,42091001,18,35
11,11,42092001,28,17
12,12,42093001,23,13
13,13,42094001,28,12
14,14,42095001,24,32
15,15,42096001,22,18
16,16,42097001,23,21
17,17,42098001,17,19
18,18,42099001,17,24
19,19,42100001,17,28
20,20,42101001,25,21
21,21,42102001,26,19
22,22,42103001,17,25
23,23,42104001,16,22
24,24,42105001,20,17
25,25,42106001,11,28
26,26,42107001,19,17
27,27,42108001,11,26
28,28,42109001,27,13
29,29,42110001,20,20
30,30,42111001,14,26
31,31,42112001,25,16
32,32,42113001,13,28
33,33,42114001,15,25
34,34,42115001,19,23
35,35,42116001,23,10
36,36,42117001,27,18
37,37,42118001,25,11
38,38,42119001,18,37
39,39,42120001,21,27
40,40,42121001,23,14
41,41,42122001,27,11
42,42,42123001,24,10
43,43,42124001,27,15
44,44,42125001,24,14
45,45,42126001,24,7
46,46,42127001,12,29
47,47,42128001,19,21
48,48,42129001,23,19
49,49,42130001,22,19
50,50,42131001,13,32
51,51,42132001,20,28
52,52,42133001,20,20
53,53,42134001,20,21
54,54,42135001,18,15
55,55,42136001,30,11
56,56,42137001,19,22
57,57,42138001,28,23
58,58,42139001,18,23
59,59,42140001,24,21
60,60,42141001,23,20
61,61,42142001,17,26
62,62,42143001,24,17
63,63,42144001,13,33
64,64,42145001,22,20
65,65,42146001,23,30
66,66,42147001,12,30
67,67,42148001,17,20
68,68,42149001,24,12
69,69,42150001,34,4
70,70,42151001,27,11
71,71,42152001,34,8
72,72,42153001,26,14
73,73,42154001,27,8
74,74,42155001,27,2
75,75,42156001,20,24
76,76,42157001,14,37
77,77,42158001,17,27
78,78,42159001,27,17
79,79,42160001,17,24
80,80,42161001,14,31
81,81,42162001,24,18
82,82,42163001,24,22
83,83,42164001,14,26
84,84,42165001,19,18
85,85,42166001,23,13
86,86,42167001,17,16
87,87,42168001,25,11
88,88,42169001,22,22
89,89,42170001,26,23
90,90,42171001,20,29
91,91,42172001,27,16
92,92,42173001,23,13
93,93,42174001,19,27
94,94,42175001,13,25
95,95,42176001,18,35
96,96,42177001,20,32
97,97,42178001,25,14
98,98,42179001,21,14
99,99,42180001,22,28
100,100,42181001,29,11
101,101,42182001,16,27
102,102,42183001,19,32
103,103,42184001,23,22
104,104,42185001,18,18
105,105,42186001,14,30
106,106,42187001,20,14
107,107,42188001,21,23
108,108,42189001,15,23
109,109,42190001,24,14
110,110,42191001,18,20
111,111,42192001,19,16
112,112,42193001,19,28
113,113,42194001,22,26
114,114,42195001,17,20
115,115,42196001,15,29
116,116,42197001,20,14
117,117,42198001,19,30
118,118,42199001,23,18
119,119,42200001,16,17
120,120,42201001,15,23
121,121,42202001,21,28
122,122,42203001,18,18
123,123,42204001,21,20
124,124,42205001,15,30
125,125,42206001,30,19
126,126,42207001,26,17
127,127,42208001,16,28
128,128,42209001,15,24
129,129,42210001,18,27
130,130,42211001,20,19
131,131,42212001,19,24
132,132,42213001,24,20
133,133,42214001,28,12
134,134,42215001,27,16
135,135,42216001,23,25
136,136,42217001,22,15
137,137,42218001,21,27
138,138,42219001,20,28
139,139,42220001,17,18
140,140,42221001,19,23
141,141,42222001,6,41
142,142,42223001,18,24
143,143,42224001,23,24
144,144,42225001,18,16
145,145,42226001,23,12
146,146,42227001,16,24
147,147,42228001,28,12
148,148,42229001,17,16
149,149,42230001,15,19
150,150,42231001,24,24
151,151,42232001,14,39
152,152,42233001,18,24
153,153,42234001,20,21
154,154,42235001,22,30
155,155,42236001,25,13
156,156,42237001,20,21
157,157,42238001,13,22
158,158,42239001,21,16
159,159,42240001,16,30
160,160,42241001,19,18
161,161,42242001,25,14
162,162,42243001,21,26
163,163,42244001,23,23
164,164,42245001,16,18
165,165,42246001,25,19
166,166,42247001,25,20
167,167,42248001,11,31
168,168,42249001,23,12
169,169,42250001,27,12
170,170,42251001,17,23
171,171,42252001,23,17
172,172,42253001,22,16
173,173,42254001,27,18
174,174,42255001,27,10
175,175,42256001,16,27
176,176,42257001,20,27
177,177,42258001,14,36
178,178,42259001,33,9
179,179,42260001,17,19
180,180,42261001,17,25
181,181,42262001,18,17
182,182,42263001,22,10
183,183,42264001,19,23
184,184,42265001,25,23
185,185,42266001,-4,63
186,186,42267001,-14,71
187,187,42268001,26,19
188,188,42269001,6,47
189,189,42270001,25,18
190,190,42271001,18,18
191,191,42272001,16,20
192,192,42273001,20,17
193,193,42274001,14,32
194,194,42275001,14,25
195,195,42276001,27,18
196,196,42277001,30,13
197,197,42278001,18,23
198,198,42279001,20,32
199,199,42280001,21,25
200,200,42281001,26,24
201,201,42282001,19,30
202,202,42283001,17,22
203,203,42284001,21,21
204,204,42285001,14,24
205,205,42286001,18,26
206,206,42287001,15,25
207,207,42288001,23,26
208,208,42289001,21,21
209,209,42290001,16,27
210,210,42291001,23,21
211,211,42292001,15,44
212,212,42293001,20,23
213,213,42294001,25,13
214,214,42295001,22,18
215,215,42296001,23,23
216,216,42297001,25,16
217,217,42298001,16,21
218,218,42299001,22,21
219,219,42300001,23,22
220,220,42301001,20,33
221,221,42302001,26,18
222,222,42303001,17,21
223,223,42304001,15,34
224,224,42305001,29,21
225,225,42306001,20,23
226,226,42307001,25,16
227,227,42308001,24,15
228,228,42309001,27,13
229,229,42310001,15,15
230,230,42311001,-100,223
231,231,42312001,-88,187
232,232,42313001,-100,198
233,233,42314001,-103,198
234,234,42315001,24,19
235,235,42316001,22,18
236,236,42317001,17,22
237,237,42318001,21,15
238,238,42319001,26,18
239,239,42320001,29,14
240,240,42321001,18,24
241,241,42322001,10,34
242,242,42323001,17,26
243,243,42324001,23,20
244,244,42325001,18,36
245,245,42326001,16,26
246,246,42327001,24,23
247,247,42328001,23,12
248,248,42329001,28,11
249,249,42330001,28,13
250,250,42331001,10,40
251,251,42332001,22,15
252,252,42333001,19,15
253,253,42334001,-1,52
254,254,42335001,17,22
255,255,42336001,15,26
256,256,42337001,28,13
257,257,42338001,24,19
258,258,42339001,30,8
259,259,42340001,31,7
260,260,42341001,19,25
261,261,42342001,22,17
262,262,42343001,19,22
263,263,42344001,21,20
264,264,42345001,14,23
265,265,42346001,20,17
266,266,42347001,16,32
267,267,42348001,13,38
268,268,42349001,1,40
269,269,42350001,8,47
270,270,42351001,19,16
271,271,42352001,17,19
272,272,42353001,22,25
273,273,42354001,26,19
274,274,42355001,-267,455
275,275,42356001,-257,407
276,276,42357001,-264,458
277,277,42358001,-267,416
278,278,42359001,-261,461
279,279,42360001,-260,436
280,280,42361001,21,15
281,281,42362001,17,18
282,282,42363001,18,13
283,283,42364001,16,21
284,284,42365001,19,20
285,285,42366001,19,25
286,286,42367001,19,22
287,287,42368001,22,27
288,288,42369001,20,20
289,289,42370001,20,21
290,290,42371001,23,24
291,291,42372001,20,28
292,292,42373001,13,26
293,293,42374001,22,12
294,294,42375001,25,14
295,295,42376001,32,7
296,296,42377001,24,23
297,297,42378001,15,25
298,298,42379001,17,24
299,299,42380001,19,15
300,300,42381001,13,26
301,301,42382001,17,29
302,302,42383001,26,15
303,303,42384001,12,26
304,304,42385001,23,15
305,305,42386001,23,27
306,306,42387001,25,13
307,307,42388001,19,21
308,308,42389001,20,18
309,309,42390001,17,30
310,310,42391001,20,18
311,311,42392001,20,26
312,312,42393001,15,18
313,313,42394001,19,14
314,314,42395001,18,16
315,315,42396001,25,15
316,316,42397001,20,25
317,317,42398001,15,22
318,318,42399001,22,19
319,319,42400001,18,18
320,320,42401001,12,34
321,321,42402001,20,27
322,322,42403001,16,29
323,323,42404001,20,22
324,324,42405001,23,20
325,325,42406001,20,23
326,326,42407001,19,12
327,327,42408001,23,15
328,328,42409001,24,14
329,329,42410001,19,15
330,330,42411001,11,46
331,331,42412001,18,26
332,332,42413001,17,28
333,333,42414001,20,19
334,334,42415001,22,28
335,335,42416001,23,8
336,336,42417001,21,24
337,337,42418001,25,19
338,338,42419001,27,16
339,339,42420001,25,14
340,340,42421001,19,14
341,341,42422001,18,39
342,342,42423001,22,28
343,343,42424001,20,12
344,344,42425001,21,29
345,345,42426001,27,20
346,346,42427001,16,24
347,347,42428001,17,16
348,348,42429001,25,20
349,349,42430001,19,32
350,350,42431001,22,21
351,351,42432001,14,18
352,352,42433001,18,24
353,353,42434001,17,20
354,354,42435001,22,25
355,355,42436001,13,21
356,356,42437001,23,20
357,357,42438001,13,24
358,358,42439001,17,22
359,359,42440001,16,20
360,360,42441001,15,35
361,361,42442001,15,25
362,362,42443001,27,17
363,363,42444001,24,20
364,364,42445001,11,24
365,365,42446001,15,36
366,366,42447001,21,17
367,367,42448001,16,23
368,368,42449001,23,16
369,369,42450001,21,28
370,370,42451001,26,16
371,371,42452001,21,28
372,372,42453001,23,22
373,373,42454001,21,16
374,374,42455001,24,13
375,375,42456001,21,20
376,376,42457001,24,11
377,377,42458001,18,32
378,378,42459001,27,20
379,379,42460001,26,17
380,380,42461001,17,27
381,381,42462001,13,26
382,382,42463001,26,20
383,383,42464001,10,36
384,384,42465001,11,28
385,385,42466001,16,24
386,386,42467001,17,20
387,387,42468001,25,24
388,388,42469001,19,20
389,389,42470001,23,19
390,390,42471001,25,22
391,391,42472001,23,16
392,392,42473001,26,19
393,393,42474001,18,23
394,394,42475001,25,10
395,395,42476001,24,28
396,396,42477001,17,15
397,397,42478001,28,19
398,398,42479001,26,23
399,399,42480001,25,17
400,400,42481001,24,19
401,401,42482001,20,16
402,402,42483001,19,26
403,403,42484001,16,15
404,404,42485001,20,17
405,405,42486001,16,19
406,406,42487001,22,18
407,407,42488001,22,20
408,408,42489001,19,19
409,409,42490001,24,20
410,410,42491001,18,21
411,411,42492001,27,17
412,412,42493001,20,26
413,413,42494001,15,27
414,414,42495001,13,29
415,415,42496001,23,22
416,416,42497001,30,17
417,417,42498001,23,20
418,418,42499001,19,18
419,419,42500001,20,17
420,420,42501001,21,23
421,421,42502001,23,17
422,422,42503001,19,16
423,423,42504001,22,21
424,424,42505001,19,28
425,425,42506001,19,16
426,426,42507001,15,32
427,427,42508001,11,24
428,428,42509001,21,22
429,429,42510001,19,25
430,430,42511001,19,23
431,431,42512001,17,15
432,432,42513001,18,14
433,433,42514001,22,28
434,434,42515001,12,23
435,435,42516001,23,15
436,436,42517001,21,15
437,437,42518001,19,33
438,438,42519001,13,35
439,439,42520001,0,49
440,440,42521001,-12,68
441,441,42522001,-6,61
442,442,42523001,-3,48
443,443,42524001,3,43
444,444,42525001,-4,55
445,445,42526001,6,42
446,446,42527001,2,51
447,447,42528001,6,48
448,448,42529001,-3,53
449,449,42530001,18,25
450,450,42531001,19,28
451,451,42532001,16,24
452,452,42533001,27,18
453,453,42534001,27,18
454,454,42535001,23,17
455,455,42536001,17,29
456,456,42537001,20,27
457,457,42538001,22,22
458,458,42539001,22,18
459,459,42540001,17,27
460,460,42541001,25,20
461,461,42542001,18,34
462,462,42543001,10,30
463,463,42544001,22,23
464,464,42545001,24,16
465,465,42546001,30,11
466,466,42547001,23,19
467,467,42548001,17,29
468,468,42549001,23,21
469,469,42550001,19,22
470,470,42551001,32,13
471,471,42552001,20,16
472,472,42553001,19,25
473,473,42554001,25,18
474,474,42555001,17,21
475,475,42556001,22,20
476,476,42557001,29,16
477,477,42558001,25,10
478,478,42559001,12,34
479,479,42560001,18,17
480,480,42561001,16,16
481,481,42562001,9,41
482,482,42563001,-10,70
483,483,42564001,-12,61
484,484,42565001,28,14
485,485,42566001,-3,49
486,486,42567001,5,36
487,487,42568001,-4,48
488,488,42569001,26,16
489,489,42570001,13,44
490,490,42571001,4,48
491,491,42572001,8,33
492,492,42573001,-2,57
493,493,42574001,-4,60
494,494,42575001,-2,58
495,495,42576001,2,38
496,496,42577001,11,39
497,497,42578001,19,19
498,498,42579001,21,15
499,499,42580001,12,45
500,500,42581001,0,58
501,501,42582001,5,50
502,502,42583001,17,33
503,503,42584001,1,55
504,504,42585001,26,14
505,505,42586001,18,18
506,506,42587001,16,24
507,507,42588001,14,28
508,508,42589001,12,27
509,509,42590001,19,25
510,510,42591001,13,39
511,511,42592001,18,18
512,512,42593001,16,17
513,513,42594001,11,28
514,514,42595001,15,21
515,515,42596001,17,16
516,516,42597001,16,25
517,517,42598001,26,18
518,518,42599001,33,5
519,519,42600001,29,10
520,520,42601001,30,7
521,521,42602001,27,9
522,522,42603001,32,6
523,523,42604001,28,14
524,524,42605001,32,5
525,525,42606001,26,14
526,526,42607001,33,4
527,527,42608001,36,7
528,528,42609001,27,13
529,529,42610001,37,5
530,530,42611001,28,3
531,531,42612001,25,20
532,532,42613001,31,7
533,533,42614001,30,7
534,534,42615001,30,9
535,535,42616001,29,8
536,536,42617001,32,14
537,537,42618001,26,7
538,538,42619001,32,4
539,539,42620001,29,5
540,540,42621001,34,7
541,541,42622001,21,14
542,542,42623001,19,24
543,543,42624001,25,21
544,544,42625001,24,20
545,545,42626001,21,16
546,546,42627001,22,24
547,547,42628001,20,23
548,548,42629001,28,14
549,549,42630001,27,16
550,550,42631001,18,17
551,551,42632001,14,31
552,552,42633001,23,25
553,553,42634001,14,35
554,554,42635001,22,20
555,555,42636001,26,13
556,556,42637001,16,21
557,557,42638001,17,21
558,558,42639001,14,23
559,559,42640001,20,14
560,560,42641001,15,25
561,561,42642001,19,17
562,562,42643001,21,17
563,563,42644001,28,19
564,564,42645001,17,15
565,565,42646001,26,22
566,566,42647001,25,19
567,567,42648001,29,14
568,568,42649001,19,31
569,569,42650001,23,9
570,570,42651001,12,27
571,571,42652001,11,29
572,572,42653001,9,39
573,573,42654001,25,24
574,574,42655001,25,15
575,575,42656001,25,18
576,576,42657001,23,22
577,577,42658001,18,38
578,578,42659001,12,31
579,579,42660001,20,22
580,580,42661001,19,27
581,581,42662001,16,33
582,582,42663001,26,11
583,583,42664001,19,20
584,584,42665001,18,36
585,585,42666001,17,25
586,586,42667001,26,17
587,587,42668001,26,15
588,588,42669001,27,19
589,589,42670001,26,20
590,590,42671001,5,42
591,591,42672001,24,16
592,592,42673001,13,34
593,593,42674001,22,10
594,594,42675001,27,16
595,595,42676001,20,29
596,596,42677001,18,21
597,597,42678001,14,26
598,598,42679001,14,24
599,599,42680001,13,27
600,600,42681001,20,13
601,601,42682001,22,32
602,602,42683001,25,18
603,603,42684001,16,36
604,604,42685001,19,19
605,605,42686001,19,22
606,606,42687001,16,28
607,607,42688001,16,23
608,608,42689001,9,39
609,609,42690001,16,24
610,610,42691001,21,21
611,611,42692001,27,21
612,612,42693001,25,8
613,613,42694001,28,15
614,614,42695001,22,21
615,615,42696001,20,21
616,616,42697001,22,26
617,617,42698001,18,16
618,618,42699001,18,24
619,619,42700001,13,34
620,620,42701001,25,14
621,621,42702001,17,19
622,622,42703001,22,30
623,623,42704001,20,16
624,624,42705001,14,31
625,625,42706001,30,16
626,626,42707001,17,19
627,627,42708001,24,19
628,628,42709001,22,17
629,629,42710001,26,20
630,630,42711001,16,29
631,631,42712001,19,21
632,632,42713001,20,23
633,633,42714001,21,20
634,634,42715001,16,38
635,635,42716001,22,21
636,636,42717001,22,20
637,637,42718001,19,24
638,638,42719001,23,20
639,639,42720001,16,24
640,640,42721001,9,37
641,641,42722001,20,29
642,642,42723001,26,13
643,643,42724001,19,19
644,644,42725001,13,29
645,645,42726001,35,9
646,646,42727001,28,4
647,647,42728001,22,24
648,648,42729001,22,22
649,649,42730001,21,15
650,650,42731001,22,24
651,651,42732001,17,23
652,652,42733001,21,16
653,653,42734001,23,12
654,654,42735001,13,26
655,655,42736001,16,20
656,656,42737001,20,24
657,657,42738001,13,26
658,658,42739001,11,28
659,659,42740001,21,23
660,660,42741001,25,17
661,661,42742001,23,19
662,662,42743001,23,20
663,663,42744001,24,29
664,664,42745001,16,25
665,665,42746001,14,27
666,666,42747001,17,26
667,667,42748001,25,19
668,668,42749001,20,21
669,669,42750001,27,10
670,670,42751001,14,30
671,671,42752001,27,17
672,672,42753001,14,29
673,673,42754001,22,16
674,674,42755001,18,24
675,675,42756001,15,22
676,676,42757001,21,21
677,677,42758001,14,30
678,678,42760001,27,14
679,679,42762001,20,22
680,680,42763001,8,42
681,681,42764001,18,22
682,682,42765001,15,22
683,683,42766001,12,25
684,684,42767001,10,28
685,685,42768001,22,26
686,686,42769001,20,24
687,687,42770001,20,16
688,688,42771001,23,26
689,689,42772001,26,19
690,690,42773001,22,18
691,691,42774001,20,20
692,692,42775001,25,18
693,693,42776001,16,19
694,694,42777001,23,31
695,695,42778001,2,50
696,696,42779001,16,37
697,697,42780001,22,15
698,698,42781001,19,19
699,699,42782001,16,25
700,700,42783001,16,21
701,701,42784001,16,29
702,702,42785001,33,10
703,703,42786001,32,9
704,704,42787001,31,10
705,705,42788001,34,3
706,706,42789001,30,15
707,707,42790001,33,14
708,708,42791001,25,19
709,709,42792001,16,26
710,710,42793001,21,28
711,711,42794001,18,17
712,712,42795001,31,12
713,713,42796001,23,14
714,714,42797001,18,24
715,715,42798001,13,28
716,716,42799001,16,31
717,717,42800001,15,34
718,718,42801001,16,29
719,719,42802001,17,29
720,720,42803001,24,21
721,721,42804001,16,19
722,722,42805001,25,20
723,723,42806001,27,18
724,724,42807001,23,12
725,725,42808001,23,16
726,726,42809001,23,19
727,727,42810001,22,19
728,728,42811001,12,31
729,729,42812001,26,20
730,730,42813001,21,20
731,731,42814001,23,18
732,732,42815001,24,10
733,733,42816001,17,27
734,734,42817001,32,12
735,735,42818001,16,17
736,736,42819001,27,21
737,737,42820001,17,27
738,738,42821001,19,29
739,739,42822001,24,24
740,740,42823001,27,13
741,741,42824001,22,22
742,742,42825001,21,20
743,743,42826001,23,11
744,744,42827001,15,23
745,745,42828001,20,30
746,746,42829001,27,19
747,747,42830001,16,23
748,748,42831001,29,18
749,749,42832001,25,15
750,750,42833001,26,12
751,751,42834001,17,25
752,752,42835001,23,29
753,753,42836001,23,20
754,754,42837001,29,17
755,755,42838001,22,13
756,756,42839001,13,30
757,757,42840001,21,28
758,758,42841001,31,9
759,759,42842001,16,20
760,760,42843001,15,28
761,761,42844001,15,32
762,762,42845001,13,32
763,763,42846001,8,42
764,764,42847001,21,27
765,765,42848001,13,33
766,766,42849001,19,24
767,767,42850001,-2,43
768,768,42851001,27,19
769,769,42852001,23,24
770,770,42853001,15,24
771,771,42854001,24,23
772,772,42855001,17,26
773,773,42856001,20,17
774,774,42857001,28,14
775,775,42858001,18,26
776,776,42859001,24,23
777,777,42860001,24,15
778,778,42861001,27,16
779,779,42863001,22,27
780,780,42864001,20,20
781,781,42865001,29,18
782,782,42866001,24,18
783,783,42867001,27,8
784,784,42868001,21,19
785,785,42869001,18,20
786,786,42870001,25,20
787,787,42871001,29,15
788,788,42872001,20,14
789,789,42873001,14,28
790,790,42874001,17,27
791,791,42875001,23,9
792,792,42876001,24,20
793,793,42877001,22,27
794,794,42878001,19,18
795,795,42879001,23,18
796,796,42880001,26,19
797,797,42881001,17,28
798,798,42882001,17,21
799,799,42883001,18,25
800,800,42884001,21,24
801,801,42885001,21,24
802,802,42886001,20,28
803,803,42887001,23,16
804,804,42888001,19,20
805,805,42889001,15,23
806,806,42890001,7,35
807,807,42891001,8,36
808,808,42892001,20,35
809,809,42893001,21,25
810,810,42894001,23,22
811,811,42895001,21,20
812,812,42896001,21,26
813,813,42897001,21,32
814,814,42898001,11,35
815,815,42899001,23,17
816,816,42900001,16,24
817,817,42901001,19,30
818,818,42902001,28,11
819,819,42903001,13,28
820,820,42904001,26,18
821,821,42905001,23,12
822,822,42906001,26,11
823,823,42907001,23,26
824,824,42908001,12,34
825,825,42909001,19,23
826,826,42910001,28,16
827,827,42911001,19,27
828,828,42912001,24,18
829,829,42913001,15,27
830,830,42914001,7,38
831,831,42915001,10,30
832,832,42916001,26,23
833,833,42917001,16,24
834,834,42918001,21,23
835,835,42919001,24,22
836,836,42920001,16,37
837,837,42921001,18,28
838,838,42922001,17,28
839,839,42923001,17,28
840,840,42924001,22,20
841,841,42925001,18,19
842,842,42926001,11,26
843,843,42927001,21,21
844,844,42928001,19,30
845,845,42929001,11,33
846,846,42930001,16,36
847,847,42931001,17,18
848,848,42932001,16,20
849,849,42933001,22,28
850,850,42934001,16,18
851,851,42935001,21,29
852,852,42936001,22,18
853,853,42937001,14,27
854,854,42938001,18,20
855,855,42939001,19,24
856,856,42940001,18,22
857,857,42941001,13,27
858,858,42942001,5,51
859,859,42943001,12,31
860,860,42944001,21,25
861,861,42945001,21,20
862,862,42946001,26,17
863,863,42947001,13,30
864,864,42948001,21,26
865,865,42949001,21,19
866,866,42950001,22,16
867,867,42951001,20,22
868,868,42952001,17,24
869,869,42953001,17,29
870,870,42954001,24,16
871,871,42955001,14,23
872,872,42956001,13,29
873,873,42957001,11,34
874,874,42958001,21,29
875,875,42959001,23,17
876,876,42960001,21,13
877,877,42961001,19,22
878,878,42962001,20,16
879,879,42963001,17,24
880,880,42964001,27,10
881,881,42965001,26,17
882,882,42966001,21,14
883,883,42967001,23,17
884,884,42968001,18,21
885,885,42969001,19,19
886,886,42970001,28,20
887,887,42971001,29,9
888,888,42972001,16,17
889,889,42973001,27,19
890,890,42974001,24,19
891,891,42975001,27,14
892,892,42976001,23,19
893,893,42977001,18,22
894,894,42978001,23,18
895,895,42979001,19,21
896,896,42980001,20,23
897,897,42981001,18,26
898,898,42982001,24,15
899,899,42983001,21,20
900,900,42984001,21,23
901,901,42985001,21,22
902,902,42986001,14,26
903,903,42987001,17,30
904,904,42988001,18,24
905,905,42989001,15,30
906,906,42990001,22,14
907,907,42991001,19,20
908,908,42992001,22,23
909,909,42993001,19,22
910,910,42994001,22,21
911,911,42995001,21,16
912,912,42996001,21,18
913,913,42997001,21,21
914,914,42998001,23,14
915,915,42999001,19,25
916,916,43000001,17,18
917,917,43001001,12,36
918,918,43002001,23,23
919,919,43003001,11,33
920,920,43004001,26,16
921,921,43005001,30,13
922,922,43006001,14,29
923,923,43007001,21,19
924,924,43008001,12,34
925,925,43009001,34,9
926,926,43010001,29,1
927,927,43011001,30,7
928,928,43012001,25,9
929,929,43013001,24,19
930,930,43014001,20,20
931,931,43015001,24,11
932,932,43016001,28,11
933,933,43017001,30,8
934,934,43018001,22,16
935,935,43019001,33,5
936,936,43020001,30,9
937,937,43021001,27,6
938,938,43022001,31,7
939,939,43023001,35,8
940,940,43024001,27,13
941,941,43025001,28,13
942,942,43026001,27,2
943,943,43027001,34,4
944,944,43028001,26,7
945,945,43029001,33,3
946,946,43030001,35,5
947,947,43031001,26,12
948,948,43032001,29,5
949,949,43033001,27,3
950,950,43034001,26,11
951,951,43035001,26,8
952,952,43036001,35,7
953,953,43037001,33,11
954,954,43038001,34,7
955,955,43039001,31,6
956,956,43040001,32,9
957,957,43041001,33,8
958,958,43042001,30,7
959,959,43043001,29,14
960,960,43044001,26,20
961,961,43045001,24,13
962,962,43046001,15,26
963,963,43047001,11,30
964,964,43048001,16,23
965,965,43049001,24,23
966,966,43050001,20,28
967,967,43051001,19,35
968,968,43052001,18,20
969,969,43053001,21,26
970,970,43054001,19,9
971,971,43055001,18,19
972,972,43056001,16,30
973,973,43057001,15,31
974,974,43058001,27,18
975,975,43059001,14,25
976,976,43060001,22,20
977,977,43061001,14,26
978,978,43062001,24,17
979,979,43063001,21,26
980,980,43064001,15,23
981,981,43065001,19,22
982,982,43066001,18,24
983,983,43067001,20,32
984,984,43068001,23,19
985,985,43071001,28,15
986,986,43072001,25,24
987,987,43073001,23,28
988,988,43074001,18,31
989,989,43075001,16,16
990,990,43076001,21,26
991,991,43077001,27,13
992,992,43078001,20,22
993,993,43079001,16,27
994,994,43080001,23,23
995,995,43081001,24,20
996,996,43082001,15,24
997,997,43083001,23,22
998,998,43084001,23,19
999,999,43085001,23,22
1000,1000,43086001,21,26
1001,1001,43087001,18,28
1002,1002,43088001,14,31
1003,1003,43089001,11,37
1004,1004,43090001,21,31
1005,1005,43091001,19,24
1006,1006,43092001,21,23
1007,1007,43093001,12,23
1008,1008,43094001,24,12
1009,1009,43095001,25,22
1010,1010,43096001,22,27
1011,1011,43097001,24,20
1012,1012,43098001,19,17
1013,1013,43099001,26,21
1014,1014,43100001,18,18
1015,1015,43101001,25,25
1016,1016,43102001,19,26
1017,1017,43103001,14,29
1018,1018,43104001,26,12
1019,1019,43105001,18,27
1020,1020,43106001,21,27
1021,1021,43107001,20,31
1022,1022,43108001,15,26
1023,1023,43109001,24,15
1024,1024,43110001,20,30
1025,1025,43111001,16,29
1026,1026,43112001,12,35
1027,1027,43113001,11,25
1028,1028,43114001,14,23
1029,1029,43115001,19,17
1030,1030,43116001,26,13
1031,1031,43117001,24,24
1032,1032,43118001,18,34
1033,1033,43119001,15,28
1034,1034,43120001,25,16
1035,1035,43121001,26,14
1036,1036,43122001,13,29
1037,1037,43123001,23,20
1038,1038,43124001,16,26
1039,1039,43125001,17,29
1040,1040,43126001,22,10
1041,1041,43127001,21,19
1042,1042,43128001,19,19
1043,1043,43129001,8,39
1044,1044,43130001,24,20
1045,1045,43131001,16,22
1046,1046,43132001,23,31
1047,1047,43133001,13,24
1048,1048,43134001,30,18
1049,1049,43135001,23,19
1050,1050,43136001,20,22
1051,1051,43137001,25,18
1052,1052,43138001,11,28
1053,1053,43139001,22,13
1054,1054,43140001,31,7
1055,1055,43141001,18,25
1056,1056,43142001,20,20
1057,1057,43143001,15,22
1058,1058,43144001,27,14
1059,1059,43145001,26,21
1060,1060,43146001,14,31
1061,1061,43147001,22,19
1062,1062,43148001,12,34
1063,1063,43149001,22,22
1064,1064,43150001,21,25
1065,1065,43151001,24,20
1066,1066,43152001,25,18
1067,1067,43153001,15,25
1068,1068,43154001,25,19
1069,1069,43155001,17,32
1070,1070,43156001,21,27
1071,1071,43157001,25,21
1072,1072,43158001,21,16
1073,1073,43159001,16,29
1074,1074,43160001,21,19
1075,1075,43161001,15,19
1076,1076,43162001,27,13
1077,1077,43163001,14,25
1078,1078,43164001,25,23
1079,1079,43165001,20,25
1080,1080,43166001,16,29
1081,1081,43167001,21,25
1082,1082,43168001,30,12
1083,1083,43169001,15,18
1084,1084,43170001,22,26
1085,1085,43171001,25,17
1086,1086,43172001,21,23
1087,1087,43173001,20,28
1088,1088,43174001,18,22
1089,1089,43175001,18,27
1090,1090,43176001,21,17
1091,1091,43177001,21,14
1092,1092,43178001,23,9
1093,1093,43179001,22,19
1094,1094,43180001,22,22
1095,1095,43181001,26,17
1096,1096,43182001,23,26
1097,1097,43183001,24,18
1098,1098,43184001,19,26
1099,1099,43185001,25,13
1100,1100,43186001,21,21
1101,1101,43187001,21,24
1102,1102,43188001,14,18
1103,1103,43189001,14,33
1104,1104,43190001,26,16
1105,1105,43191001,10,44
1106,1106,43192001,25,18
1107,1107,43193001,14,26
1108,1108,43194001,22,13
1109,1109,43195001,23,14
1110,1110,43196001,19,21
1111,1111,43197001,22,24
1112,1112,43198001,6,40
1113,1113,43199001,21,22
1114,1114,43200001,23,11
1115,1115,43201001,22,22
1116,1116,43202001,19,26
1117,1117,43203001,13,27
1118,1118,43204001,21,33
1119,1119,43205001,15,25
1120,1120,43206001,19,22
1121,1121,43207001,17,32
1122,1122,43208001,13,25
1123,1123,43209001,26,5
1124,1124,43210001,24,9
1125,1125,43211001,31,17
1126,1126,43212001,33,3
1127,1127,43213001,30,3
1128,1128,43214001,37,3
1129,1129,43215001,28,3
1130,1130,43216001,33,4
1131,1131,43217001,24,13
1132,1132,43218001,33,5
1133,1133,43219001,15,28
1134,1134,43220001,23,24
1135,1135,43221001,20,17
1136,1136,43222001,13,27
1137,1137,43223001,24,23
1138,1138,43224001,24,30
1139,1139,43225001,21,16
1140,1140,43226001,27,15
1141,1141,43227001,25,16
1142,1142,43228001,21,27
1143,1143,43229001,14,29
1144,1144,43230001,21,20
1145,1145,43231001,19,31
1146,1146,43232001,23,25
1147,1147,43233001,21,15
1148,1148,43234001,25,16
1149,1149,43235001,18,21
1150,1150,43236001,17,22
1151,1151,43237001,14,26
1152,1152,43238001,23,16
1153,1153,43239001,19,19
1154,1154,43240001,24,12
1155,1155,43241001,20,26
1156,1156,43242001,25,7
1157,1157,43243001,22,20
1158,1158,43244001,17,17
1159,1159,43245001,21,24
1160,1160,43246001,22,18
1161,1161,43247001,22,22
1162,1162,43248001,17,23
1163,1163,43249001,17,27
1164,1164,43250001,27,11
1165,1165,43251001,28,21
1166,1166,43252001,20,31
1167,1167,43253001,27,10
1168,1168,43254001,34,8
1169,1169,43255001,32,14
1170,1170,43256001,27,11
1171,1171,43257001,29,2
1172,1172,43258001,29,7
1173,1173,43259001,22,11
1174,1174,43260001,24,13
1175,1175,43261001,25,16
1176,1176,43262001,36,7
1177,1177,43263001,23,9
1178,1178,43264001,20,11
1179,1179,43265001,22,17
1180,1180,43266001,29,7
1181,1181,43267001,31,6
1182,1182,43268001,26,8
1183,1183,43269001,28,6
1184,1184,43270001,30,8
1185,1185,43271001,26,17
1186,1186,43272001,25,14
1187,1187,43273001,21,16
1188,1188,43274001,28,5
1189,1189,43275001,28,5
1190,1190,43276001,32,5
1191,1191,43277001,29,18
1192,1192,43278001,24,10
1193,1193,43279001,25,9
1194,1194,43280001,30,7
1195,1195,43281001,28,10
1196,1196,43282001,30,6
1197,1197,43283001,29,16
1198,1198,43284001,28,11
1199,1199,43285001,26,6
1200,1200,43286001,33,7
1201,1201,43287001,30,15
1202,1202,43288001,35,1
1203,1203,43289001,21,18
1204,1204,43290001,32,7
1205,1205,43291001,33,5
1206,1206,43292001,29,8
1207,1207,43293001,35,4
1208,1208,43294001,34,5
1209,1209,43295001,27,7
1210,1210,43296001,28,2
1211,1211,43297001,31,15
1212,1212,43298001,32,3
1213,1213,43299001,25,7
1214,1214,43300001,35,3
1215,1215,43301001,30,11
1216,1216,43302001,21,16
1217,1217,43303001,31,7
1218,1218,43304001,33,6
1219,1219,43305001,30,3
1220,1220,43306001,30,5
1221,1221,43307001,24,9
1222,1222,43308001,25,13
1223,1223,43309001,34,11
1224,1224,43310001,30,6
1225,1225,43311001,33,6
1226,1226,43312001,27,9
1227,1227,43313001,25,17
1228,1228,43314001,30,10
1229,1229,43315001,26,5
1230,1230,43316001,27,13
1231,1231,43317001,22,11
1232,1232,43318001,31,5
1233,1233,43319001,27,11
1234,1234,43320001,33,9
1235,1235,43321001,27,8
1236,1236,43322001,26,8
1237,1237,43323001,37,5
1238,1238,43324001,26,13
1239,1239,43325001,34,9
1240,1240,43326001,27,8
1241,1241,43327001,26,11
1242,1242,43328001,29,2
1243,1243,43329001,27,9
1244,1244,43330001,32,8
1245,1245,43331001,25,14
1246,1246,43332001,25,9
1247,1247,43333001,27,8
1248,1248,43334001,30,9
1249,1249,43335001,26,4
1250,1250,43336001,34,5
1251,1251,43337001,28,14
1252,1252,43338001,33,8
1253,1253,43339001,33,5
1254,1254,43340001,32,5
1255,1255,43341001,28,15
1256,1256,43342001,23,10
1257,1257,43343001,35,6
1258,1258,43344001,28,7
1259,1259,43345001,24,14
1260,1260,43346001,29,9
1261,1261,43347001,30,11
1262,1262,43348001,25,10
1263,1263,43349001,26,18
1264,1264,43350001,24,10
1265,1265,43351001,27,7
1266,1266,43352001,21,11
1267,1267,43353001,33,9
1268,1268,43354001,26,15
1269,1269,43355001,29,7
1270,1270,43356001,30,9
1271,1271,43357001,31,5
1272,1272,43358001,28,3
1273,1273,43359001,24,12
1274,1274,43360001,31,9
1275,1275,43361001,20,17
1276,1276,43362001,23,10
1277,1277,43363001,33,5
1278,1278,43364001,32,3
1279,1279,43365001,35,8
1280,1280,43366001,33,10
1281,1281,43367001,29,18
1282,1282,43368001,33,5
1283,1283,43369001,34,11
1284,1284,43370001,31,3
1285,1285,43371001,19,22
1286,1286,43372001,25,9
1287,1287,43373001,28,7
1288,1288,43374001,33,9
1289,1289,43375001,28,2
1290,1290,43376001,29,2
1291,1291,43377001,38,2
1292,1292,43378001,27,6
1293,1293,43379001,29,17
1294,1294,43380001,35,3
1295,1295,43381001,33,5
1296,1296,43382001,21,32
1297,1297,43383001,11,29
1298,1298,43384001,19,30
1299,1299,43385001,18,27
1300,1300,43386001,16,34
1301,1301,43387001,15,18
1302,1302,43388001,18,22
1303,1303,43389001,22,22
1304,1304,43390001,15,24
1305,1305,43391001,21,27
1306,1306,43392001,15,33
1307,1307,43393001,24,23
1308,1308,43394001,16,31
1309,1309,43395001,12,29
1310,1310,43396001,18,29
1311,1311,43397001,18,24
1312,1312,43398001,17,17
1313,1313,43399001,15,24
1314,1314,43400001,12,26
1315,1315,43401001,15,27
1316,1316,43402001,23,29
1317,1317,43403001,24,20
1318,1318,43404001,25,19
1319,1319,43405001,9,39
1320,1320,43406001,23,21
1321,1321,43407001,18,29
1322,1322,43408001,27,18
1323,1323,43409001,19,22
1324,1324,43410001,13,24
1325,1325,43411001,17,17
1326,1326,43412001,24,20
1327,1327,43413001,19,24
1328,1328,43414001,18,21
1329,1329,43415001,21,18
1330,1330,43416001,19,19
1331,1331,43417001,22,20
1332,1332,43418001,20,27
1333,1333,43419001,17,25
1334,1334,43420001,23,12
1335,1335,43421001,29,13
1336,1336,43422001,23,18
1337,1337,43423001,19,16
1338,1338,43424001,16,21
1339,1339,43425001,22,15
1340,1340,43426001,25,14
1341,1341,43427001,23,19
1342,1342,43428001,31,16
1343,1343,43429001,27,17
1344,1344,43430001,19,15
1345,1345,43431001,12,30
1346,1346,43432001,19,31
1347,1347,43433001,18,34
1348,1348,43434001,27,17
1349,1349,43435001,1,39
1350,1350,43436001,20,22
1351,1351,43437001,29,19
1352,1352,43438001,16,19
1353,1353,43439001,27,14
1354,1354,43440001,21,24
1355,1355,43441001,21,14
1356,1356,43442001,21,20
1357,1357,43443001,30,8
1358,1358,43444001,21,16
1359,1359,43445001,23,22
1360,1360,43446001,20,25
1361,1361,43447001,21,23
1362,1362,43448001,11,38
1363,1363,43449001,25,21
1364,1364,43450001,20,33
1365,1365,43451001,26,19
1366,1366,43452001,21,20
1367,1367,43453001,26,21
1368,1368,43454001,18,23
1369,1369,43455001,20,25
1370,1370,43456001,16,18
1371,1371,43457001,23,23
1372,1372,43458001,23,28
1373,1373,43459001,21,14
1374,1374,43460001,22,25
1375,1375,43461001,16,28
1376,1376,43462001,24,25
1377,1377,43463001,24,15
1378,1378,43464001,19,17
1379,1379,43465001,14,26
1380,1380,43466001,29,10
1381,1381,43467001,13,29
1382,1382,43468001,21,16
1383,1383,43469001,19,23
1384,1384,43470001,20,19
1385,1385,43471001,24,16
1386,1386,43472001,19,26
1387,1387,43473001,18,26
1388,1388,43474001,21,31
1389,1389,43475001,23,28
1390,1390,43476001,21,14
1391,1391,43477001,13,21
1392,1392,43478001,19,26
1393,1393,43479001,24,8
1394,1394,43480001,18,23
1395,1395,43481001,21,19
1396,1396,43482001,20,16
1397,1397,43483001,6,31
1398,1398,43484001,22,24
1399,1399,43485001,28,21
1400,1400,43486001,23,21
1401,1401,43487001,13,25
1402,1402,43488001,25,20
1403,1403,43489001,18,32
1404,1404,43490001,21,16
1405,1405,43491001,20,24
1406,1406,43492001,20,18
1407,1407,43493001,19,12
1408,1408,43494001,21,12
1409,1409,43495001,23,13
1410,1410,43496001,17,25
1411,1411,43497001,22,26
1412,1412,43498001,13,39
1413,1413,43499001,22,24
1414,1414,43500001,16,32
1415,1415,43501001,14,21
1416,1416,43502001,15,29
1417,1417,43503001,29,21
1418,1418,43504001,13,34
1419,1419,43505001,22,18
1420,1420,43506001,22,24
1421,1421,43507001,18,27
1422,1422,43508001,24,10
1423,1423,43509001,20,15
1424,1424,43510001,21,21
1425,1425,43511001,16,28
1426,1426,43512001,24,21
1427,1427,43513001,18,15
1428,1428,43514001,14,38
1429,1429,43515001,20,11
1430,1430,43516001,22,12
1431,1431,43517001,16,23
1432,1432,43518001,17,19
1433,1433,43519001,11,32
1434,1434,43520001,14,25
1435,1435,43521001,16,33
1436,1436,43522001,15,22
1437,1437,43523001,18,21
1438,1438,43524001,25,20
1439,1439,43525001,13,28
1440,1440,43526001,-15,59
1441,1441,43527001,7,52
1442,1442,43528001,-3,58
1443,1443,43529001,-7,51
1444,1444,43530001,17,25
1445,1445,43531001,21,14
1446,1446,43532001,25,19
1447,1447,43533001,16,25
1448,1448,43534001,22,10
1449,1449,43535001,22,24
1450,1450,43536001,22,20
1451,1451,43537001,14,26
1452,1452,43538001,20,17
1453,1453,43539001,23,28
1454,1454,43540001,18,35
1455,1455,43541001,17,32
1456,1456,43542001,26,22
1457,1457,43543001,26,16
1458,1458,43544001,18,18
1459,1459,43545001,21,20
1460,1460,43546001,18,21
1461,1461,43547001,21,28
1462,1462,43548001,18,26
1463,1463,43549001,23,25
1464,1464,43550001,18,25
1465,1465,43551001,14,24
1466,1466,43552001,15,29
1467,1467,43553001,27,18
1468,1468,43554001,27,20
1469,1469,43555001,13,39
1470,1470,43556001,24,28
1471,1471,43557001,20,20
1472,1472,43558001,17,28
1473,1473,43559001,22,22
1474,1474,43560001,17,30
1475,1475,43561001,31,7
1476,1476,43562001,21,23
1477,1477,43563001,22,32
1478,1478,43564001,25,16
1479,1479,43565001,32,14
1480,1480,43566001,25,25
1481,1481,43567001,17,19
1482,1482,43568001,11,27
1483,1483,43569001,15,17
1484,1484,43570001,14,28
1485,1485,43571001,27,15
1486,1486,43572001,16,25
1487,1487,43573001,16,14
1488,1488,43574001,25,15
1489,1489,43575001,23,26
1490,1490,43576001,16,28
1491,1491,43577001,13,30
1492,1492,43578001,21,22
1493,1493,43579001,24,8
1494,1494,43580001,18,17
1495,1495,43581001,17,33
1496,1496,43582001,22,15
1497,1497,43583001,19,17
1498,1498,43584001,25,19
1499,1499,43585001,26,16
1500,1500,43586001,10,22
1501,1501,43587001,18,18
1502,1502,43588001,22,26
1503,1503,43589001,14,28
1504,1504,43590001,19,17
1505,1505,43591001,18,26
1506,1506,43592001,21,21
1507,1507,43593001,14,28
1508,1508,43594001,11,26
1509,1509,43595001,13,26
1510,1510,43596001,25,15
1511,1511,43597001,5,44
1512,1512,43598001,19,16
1513,1513,43599001,19,28
1514,1514,43600001,22,12
1515,1515,43601001,28,14
1516,1516,43602001,12,41
1517,1517,43603001,19,18
1518,1518,43604001,24,12
1519,1519,43605001,23,23
1520,1520,43606001,24,20
1521,1521,43607001,12,34
1522,1522,43608001,17,33
1523,1523,43609001,18,21
1524,1524,43610001,22,28
1525,1525,43611001,20,14
1526,1526,43612001,17,19
1527,1527,43613001,27,15
1528,1528,43614001,25,15
1529,1529,43615001,26,12
1530,1530,43616001,18,27
1531,1531,43617001,27,17
1532,1532,43618001,16,26
1533,1533,43619001,24,27
1534,1534,43620001,24,29
1535,1535,43621001,26,24
1536,1536,43622001,24,12
1537,1537,43623001,24,22
1538,1538,43624001,20,17
1539,1539,43625001,19,20
1540,1540,43626001,13,32
1541,1541,43627001,23,20
1542,1542,43628001,25,25
1543,1543,43629001,23,12
1544,1544,43630001,13,34
1545,1545,43631001,16,32
1546,1546,43632001,21,20
1547,1547,43633001,16,25
1548,1548,43634001,25,14
1549,1549,43635001,8,37
1550,1550,43636001,17,32
1551,1551,43637001,22,25
1552,1552,43638001,23,23
1553,1553,43639001,23,24
1554,1554,43640001,22,16
1555,1555,43641001,24,19
1556,1556,43642001,17,23
1557,1557,43643001,23,24
1558,1558,43644001,17,28
1559,1559,43645001,27,11
1560,1560,43646001,23,23
1561,1561,43647001,8,31
1562,1562,43648001,23,22
1563,1563,43649001,16,21
1564,1564,43650001,22,14
1565,1565,43651001,9,33
1566,1566,43652001,23,24
1567,1567,43653001,17,24
1568,1568,43654001,22,22
1569,1569,43655001,25,18
1570,1570,43656001,24,14
1571,1571,43657001,19,22
1572,1572,43658001,20,23
1573,1573,43659001,21,18
1574,1574,43660001,15,31
1575,1575,43661001,31,13
1576,1576,43662001,14,20
1577,1577,43663001,16,20
1578,1578,43664001,18,18
1579,1579,43665001,16,28
1580,1580,43666001,15,28
1581,1581,43667001,16,24
1582,1582,43668001,21,24
1583,1583,43669001,19,22
1584,1584,43670001,6,42
1585,1585,43671001,21,20
1586,1586,43672001,15,18
1587,1587,43673001,14,23
1588,1588,43674001,18,32
1589,1589,43675001,24,10
1590,1590,43676001,34,9
1591,1591,43677001,21,20
1592,1592,43678001,26,10
1593,1593,43679001,21,18
1594,1594,43680001,25,25
1595,1595,43681001,21,28
1596,1596,43682001,24,14
1597,1597,43683001,16,21
1598,1598,43684001,15,28
1599,1599,43685001,18,23
1600,1600,43686001,19,31
1601,1601,43687001,25,23
1602,1602,43688001,15,25
1603,1603,43689001,10,34
1604,1604,43690001,15,28
1605,1605,43691001,21,19
1606,1606,43692001,28,15
1607,1607,43693001,21,16
1608,1608,43694001,16,24
1609,1609,43695001,14,29
1610,1610,43696001,15,24
1611,1611,43697001,18,18
1612,1612,43698001,27,11
1613,1613,43699001,21,23
1614,1614,43700001,25,20
1615,1615,43701001,27,6
1616,1616,43702001,15,18
1617,1617,43703001,13,28
1618,1618,43704001,17,27
1619,1619,43705001,27,15
1620,1620,43706001,12,29
1621,1621,43707001,23,25
1622,1622,43708001,30,9
1623,1623,43709001,23,16
1624,1624,43710001,20,21
1625,1625,43711001,25,16
1626,1626,43712001,18,27
1627,1627,43713001,20,18
1628,1628,43714001,22,17
1629,1629,43715001,22,15
1630,1630,43716001,24,17
1631,1631,43717001,10,43
1632,1632,43718001,18,15
1633,1633,43719001,20,29
1634,1634,43720001,20,21
1635,1635,43721001,11,27
1636,1636,43722001,21,26
1637,1637,43723001,25,25
1638,1638,43724001,24,20
1639,1639,43725001,17,18
1640,1640,43726001,14,29
1641,1641,43727001,23,21
1642,1642,43728001,16,24
1643,1643,43729001,18,14
1644,1644,43730001,20,20
1645,1645,43731001,20,17
1646,1646,43732001,17,27
1647,1647,43733001,20,31
1648,1648,43734001,29,11
1649,1649,43735001,30,10
1650,1650,43736001,21,33
1651,1651,43737001,14,31
1652,1652,43738001,20,29
1653,1653,43739001,21,21
1654,1654,43740001,22,16
1655,1655,43741001,20,21
1656,1656,43742001,17,20
1657,1657,43743001,20,17
1658,1658,43744001,17,25
1659,1659,43745001,20,24
1660,1660,43746001,22,13
1661,1661,43747001,8,34
1662,1662,43748001,23,27
1663,1663,43749001,16,32
1664,1664,43750001,18,28
1665,1665,43751001,25,17
1666,1666,43752001,26,16
1667,1667,43753001,26,22
1668,1668,43754001,25,16
1669,1669,43755001,14,20
1670,1670,43756001,20,26
1671,1671,43757001,19,20
1672,1672,43758001,27,14
1673,1673,43759001,13,20
1674,1674,43760001,18,21
1675,1675,43761001,23,22
1676,1676,43762001,23,11
1677,1677,43763001,26,15
1678,1678,43764001,18,16
1679,1679,43765001,31,16
1680,1680,43766001,26,14
1681,1681,43767001,24,22
1682,1682,43768001,25,15
1683,1683,43769001,20,22
1684,1684,43770001,24,22
1685,1685,43771001,20,27
1686,1686,43772001,26,11
1687,1687,43773001,19,22
1688,1688,43774001,26,24
1689,1689,43775001,23,18
1690,1690,43776001,20,32
1691,1691,43777001,22,27
1692,1692,43778001,21,26
1693,1693,43779001,19,15
1694,1694,43780001,14,33
1695,1695,43781001,24,19
1696,1696,43782001,19,25
1697,1697,43783001,11,24
1698,1698,43784001,21,20
1699,1699,43785001,23,15
1700,1700,43786001,13,27
1701,1701,43787001,23,18
1702,1702,43788001,14,34
1703,1703,43789001,25,20
1704,1704,43790001,22,21
1705,1705,43791001,22,14
1706,1706,43792001,16,26
1707,1707,43793001,17,26
1708,1708,43794001,24,11
1709,1709,43795001,18,33
1710,1710,43796001,19,18
1711,1711,43797001,27,6
1712,1712,43798001,14,24
1713,1713,43799001,16,25
1714,1714,43800001,18,28
1715,1715,43801001,15,25
1716,1716,43802001,25,19
1717,1717,43803001,28,13
1718,1718,43804001,21,25
1719,1719,43805001,21,17
1720,1720,43806001,17,25
1721,1721,43807001,17,23
1722,1722,43808001,18,24
1723,1723,43809001,25,18
1724,1724,43810001,17,24
1725,1725,43811001,12,35
1726,1726,43812001,30,14
1727,1727,43813001,19,19
1728,1728,43814001,19,21
1729,1729,43815001,20,15
1730,1730,43816001,20,28
1731,1731,43817001,18,31
1732,1732,43818001,17,20
1733,1733,43819001,23,22
1734,1734,43820001,18,16
1735,1735,43821001,17,17
1736,1736,43822001,25,14
1737,1737,43823001,24,11
1738,1738,43824001,19,24
1739,1739,43825001,21,16
1740,1740,43826001,21,15
1741,1741,43827001,21,24
1742,1742,43828001,16,30
1743,1743,43829001,22,15
1744,1744,43830001,22,25
1745,1745,43831001,17,20
1746,1746,43832001,20,25
1747,1747,43833001,16,24
1748,1748,43834001,9,29
1749,1749,43835001,19,23
1750,1750,43836001,21,18
1751,1751,43837001,18,17
1752,1752,43838001,16,36
1753,1753,43839001,17,30
1754,1754,43840001,20,21
1755,1755,43841001,16,21
1756,1756,43842001,20,19
1757,1757,43843001,19,24
1758,1758,43844001,14,26
1759,1759,43845001,25,17
1760,1760,43846001,25,19
1761,1761,43847001,29,15
1762,1762,43848001,20,16
1763,1763,43849001,22,23
1764,1764,43850001,19,23
1765,1765,43851001,25,12
1766,1766,43852001,23,23
1767,1767,43853001,29,15
1768,1768,43854001,24,22
1769,1769,43855001,20,24
1770,1770,43856001,30,15
1771,1771,43857001,21,21
1772,1772,43858001,27,15
1773,1773,43859001,24,20
1774,1774,43860001,26,24
1775,1775,43861001,20,19
1776,1776,43862001,17,30
1777,1777,43863001,13,26
1778,1778,43864001,14,24
1779,1779,43865001,19,31
1780,1780,43866001,20,17
1781,1781,43867001,18,25
1782,1782,43868001,13,18
1783,1783,43869001,18,27
1784,1784,43870001,16,23
1785,1785,43871001,25,18
1786,1786,43872001,32,6
1787,1787,43873001,28,20
1788,1788,43874001,14,25
1789,1789,43875001,19,21
1790,1790,43876001,28,16
1791,1791,43877001,14,24
1792,1792,43878001,24,10
1793,1793,43879001,19,25
1794,1794,43880001,16,20
1795,1795,43881001,17,24
1796,1796,43882001,28,14
1797,1797,43883001,24,21
1798,1798,43884001,23,16
1799,1799,43885001,19,18
1800,1800,43886001,26,11
1801,1801,43887001,15,18
1802,1802,43888001,26,9
1803,1803,43889001,25,20
1804,1804,43890001,21,17
1805,1805,43891001,21,21
1806,1806,43892001,22,17
1807,1807,43893001,24,11
1808,1808,43894001,25,19
1809,1809,43895001,26,23
1810,1810,43896001,15,28
1811,1811,43897001,26,15
1812,1812,43898001,6,48
1813,1813,43899001,17,20
1814,1814,43900001,17,25
1815,1815,43901001,24,23
1816,1816,43902001,16,20
1817,1817,43903001,19,19
1818,1818,43904001,12,26
1819,1819,43905001,9,31
1820,1820,43906001,19,22
1821,1821,43907001,23,24
1822,1822,43908001,23,14
1823,1823,43909001,23,19
1824,1824,43910001,19,16
1825,1825,43911001,13,21
1826,1826,43912001,35,5
1827,1827,43913001,15,21
1828,1828,43914001,32,12
1829,1829,43915001,17,25
1830,1830,43916001,16,27
1831,1831,43917001,22,23
1832,1832,43918001,20,27
1833,1833,43919001,18,22
1834,1834,43920001,18,27
1835,1835,43921001,25,21
1836,1836,43922001,23,21
1837,1837,43923001,25,21
1838,1838,43924001,25,13
1839,1839,43925001,17,32
1840,1840,43926001,25,18
1841,1841,43927001,25,14
1842,1842,43928001,22,16
1843,1843,43929001,25,24
1844,1844,43930001,30,13
1845,1845,43931001,16,23
1846,1846,43932001,19,20
1847,1847,43933001,25,20
1848,1848,43934001,17,17
1849,1849,43935001,26,16
1850,1850,43936001,11,25
1851,1851,43937001,26,23
1852,1852,43938001,20,19
1853,1853,43939001,20,29
1854,1854,43940001,25,18
1855,1855,43941001,19,21
1856,1856,43942001,23,17
1857,1857,43943001,15,22
1858,1858,43944001,23,21
1859,1859,43945001,23,25
1860,1860,43946001,21,19
1861,1861,43947001,15,15
1862,1862,43948001,26,23
1863,1863,43949001,25,19
1864,1864,43950001,17,24
1865,1865,43951001,25,10
1866,1866,43952001,18,23
1867,1867,43953001,30,14
1868,1868,43954001,27,13
1869,1869,43955001,14,24
1870,1870,43956001,16,30
1871,1871,43957001,25,22
1872,1872,43958001,15,24
1873,1873,43959001,17,36
1874,1874,43960001,25,11
1875,1875,43961001,23,18
1876,1876,43962001,16,20
1877,1877,43963001,20,27
1878,1878,43964001,18,34
1879,1879,43965001,26,13
1880,1880,43966001,7,34
1881,1881,43967001,18,17
1882,1882,43968001,10,25
1883,1883,43969001,15,17
1884,1884,43970001,18,26
1885,1885,43971001,16,17
1886,1886,43972001,20,14
1887,1887,43973001,19,21
1888,1888,43974001,16,22
1889,1889,43975001,23,12
1890,1890,43976001,28,22
1891,1891,43977001,17,22
1892,1892,43978001,16,27
1893,1893,43979001,19,29
1894,1894,43980001,15,21
1895,1895,43981001,15,33
1896,1896,43982001,16,34
1897,1897,43983001,22,20
1898,1898,43984001,15,21
1899,1899,43985001,18,26
1900,1900,43986001,25,19
1901,1901,43987001,24,24
1902,1902,43988001,20,24
1903,1903,43989001,17,28
1904,1904,43990001,20,37
1905,1905,43991001,18,17
1906,1906,43992001,18,22
1907,1907,43993001,24,18
1908,1908,43994001,21,22
1909,1909,43995001,17,26
1910,1910,43996001,17,27
1911,1911,43997001,17,19
1912,1912,43998001,16,29
1913,1913,43999001,12,24
1914,1914,44000001,17,33
1915,1915,44001001,23,16
1916,1916,44002001,27,16
1917,1917,44003001,23,16
1918,1918,44004001,12,27
1919,1919,44005001,23,26
1920,1920,44006001,30,11
1921,1921,44007001,15,19
1922,1922,44008001,22,24
1923,1923,44009001,16,33
1924,1924,44010001,18,22
1925,1925,44011001,21,21
1926,1926,44012001,19,22
1927,1927,44013001,24,26
1928,1928,44014001,34,7
1929,1929,44015001,31,8
1930,1930,44016001,24,17
1931,1931,44017001,29,3
1932,1932,44018001,33,7
1933,1933,44019001,29,10
1934,1934,44020001,35,3
1935,1935,44021001,32,5
1936,1936,44022001,24,11
1937,1937,44023001,32,13
1938,1938,44024001,28,9
1939,1939,44025001,34,6
1940,1940,44026001,33,13
1941,1941,44027001,33,5
1942,1942,44028001,30,0
1943,1943,44029001,37,5
1944,1944,44030001,27,9
1945,1945,44031001,27,6
1946,1946,44032001,28,5
1947,1947,44033001,31,6
1948,1948,44034001,25,18
1949,1949,44035001,34,9
1950,1950,44036001,30,7
1951,1951,44037001,27,11
1952,1952,44038001,34,8
1953,1953,44039001,32,5
1954,1954,44040001,35,4
1955,1955,44041001,33,6
1956,1956,44042001,29,9
1957,1957,44043001,22,11
1958,1958,44044001,25,11
1959,1959,44045001,32,7
1960,1960,44046001,35,8
1961,1961,44047001,16,35
1962,1962,44048001,19,24
1963,1963,44049001,29,13
1964,1964,44050001,16,25
1965,1965,44051001,15,24
1966,1966,44052001,26,10
1967,1967,44053001,18,15
1968,1968,44054001,22,25
1969,1969,44055001,19,18
1970,1970,44056001,25,14
1971,1971,44057001,18,24
1972,1972,44058001,16,31
1973,1973,44059001,24,23
1974,1974,44060001,18,25
1975,1975,44061001,27,14
1976,1976,44062001,19,26
1977,1977,44063001,23,28
1978,1978,44064001,21,22
1979,1979,44065001,23,18
1980,1980,44066001,21,15
1981,1981,44067001,29,14
1982,1982,44068001,24,25
1983,1983,44069001,18,24
1984,1984,44070001,30,12
1985,1985,44071001,18,34
1986,1986,44072001,20,24
1987,1987,44073001,23,14
1988,1988,44074001,15,25
1989,1989,44075001,8,31
1990,1990,44076001,14,22
1991,1991,44077001,29,10
1992,1992,44078001,18,21
1993,1993,44079001,14,17
1994,1994,44080001,23,20
1995,1995,44081001,25,20
1996,1996,44082001,25,22
1997,1997,44083001,24,18
1998,1998,44084001,24,19
1999,1999,44085001,20,27
2000,2000,44086001,17,36
2001,2001,44087001,22,15
2002,2002,44088001,19,31
2003,2003,44089001,23,22
2004,2004,44090001,21,24
2005,2005,44091001,20,19
2006,2006,44092001,25,21
2007,2007,44093001,11,31
2008,2008,44094001,24,19
2009,2009,44095001,9,29
2010,2010,44096001,29,12
2011,2011,44097001,14,29
2012,2012,44098001,17,21
2013,2013,44099001,19,28
2014,2014,44100001,25,14
2015,2015,44101001,17,23
2016,2016,44102001,23,22
2017,2017,44103001,12,24
2018,2018,44104001,28,7
2019,2019,44105001,18,21
2020,2020,44106001,31,10
2021,2021,44107001,13,32
2022,2022,44108001,19,25
2023,2023,44109001,28,16
2024,2024,44110001,20,19
2025,2025,44111001,18,14
2026,2026,44112001,27,21
2027,2027,44113001,14,27
2028,2028,44114001,20,21
2029,2029,44115001,15,33
2030,2030,44116001,23,22
2031,2031,44117001,19,17
2032,2032,44118001,22,16
2033,2033,44119001,22,20
2034,2034,44120001,13,26
2035,2035,44121001,23,19
2036,2036,44122001,7,41
2037,2037,44123001,-3,65
2038,2038,44124001,-1,64
2039,2039,44125001,3,41
2040,2040,44126001,22,19
2041,2041,44127001,21,16
2042,2042,44128001,18,19
2043,2043,44129001,21,19
2044,2044,44130001,22,28
2045,2045,44131001,20,25
2046,2046,44132001,23,25
2047,2047,44133001,27,12
2048,2048,44134001,23,26
2049,2049,44135001,24,27
2050,2050,44136001,14,27
2051,2051,44137001,22,23
2052,2052,44138001,18,22
2053,2053,44139001,21,25
2054,2054,44140001,22,18
2055,2055,44141001,28,22
2056,2056,44142001,22,17
2057,2057,44143001,14,35
2058,2058,44144001,21,28
2059,2059,44145001,24,13
2060,2060,44146001,22,15
2061,2061,44147001,20,16
2062,2062,44148001,14,23
2063,2063,44149001,15,26
2064,2064,44150001,22,14
2065,2065,44151001,20,27
2066,2066,44152001,19,27
2067,2067,44153001,19,24
2068,2068,44154001,15,29
2069,2069,44155001,16,19
2070,2070,44156001,24,8
2071,2071,44157001,20,30
2072,2072,44158001,14,35
2073,2073,44159001,21,14
2074,2074,44160001,23,26
