,Unnamed: 0,SKU,InStock,NumberOrdered
0,0,42081001,15,20
1,1,42082001,22,25
2,2,42083001,16,23
3,3,42084001,25,21
4,4,42085001,16,28
5,5,42086001,17,19
6,6,42087001,24,21
7,7,42088001,19,22
8,8,42089001,23,23
9,9,42090001,22,14
10,10,42091001,20,25
11,11,42092001,16,31
12,12,42093001,16,30
13,13,42094001,12,27
14,14,42095001,25,12
15,15,42096001,19,21
16,16,42097001,21,23
17,17,42098001,22,25
18,18,42099001,22,24
19,19,42100001,26,19
20,20,42101001,25,19
21,21,42102001,16,25
22,22,42103001,26,18
23,23,42104001,15,27
24,24,42105001,16,27
25,25,42106001,9,44
26,26,42107001,19,30
27,27,42108001,11,23
28,28,42109001,14,22
29,29,42110001,27,20
30,30,42111001,22,18
31,31,42112001,23,21
32,32,42113001,23,20
33,33,42114001,17,18
34,34,42115001,9,33
35,35,42116001,23,23
36,36,42117001,15,28
37,37,42118001,29,12
38,38,42119001,19,24
39,39,42120001,22,20
40,40,42121001,10,32
41,41,42122001,22,21
42,42,42123001,19,32
43,43,42124001,19,24
44,44,42125001,21,22
45,45,42126001,26,23
46,46,42127001,19,29
47,47,42128001,14,23
48,48,42129001,24,17
49,49,42130001,17,23
50,50,42131001,18,30
51,51,42132001,24,18
52,52,42133001,25,17
53,53,42134001,25,18
54,54,42135001,24,15
55,55,42136001,27,16
56,56,42137001,17,28
57,57,42138001,20,30
58,58,42139001,22,28
59,59,42140001,17,22
60,60,42141001,25,23
61,61,42142001,19,26
62,62,42143001,18,24
63,63,42144001,12,38
64,64,42145001,20,19
65,65,42146001,22,23
66,66,42147001,19,17
67,67,42148001,24,17
68,68,42149001,23,16
69,69,42150001,29,4
70,70,42151001,24,9
71,71,42152001,31,5
72,72,42153001,32,4
73,73,42154001,28,4
74,74,42155001,31,12
75,75,42156001,25,22
76,76,42157001,27,9
77,77,42158001,24,20
78,78,42159001,20,28
79,79,42160001,12,46
80,80,42161001,21,17
81,81,42162001,20,20
82,82,42163001,27,17
83,83,42164001,18,26
84,84,42165001,15,28
85,85,42166001,21,12
86,86,42167001,23,22
87,87,42168001,18,19
88,88,42169001,21,29
89,89,42170001,17,24
90,90,42171001,17,23
91,91,42172001,27,22
92,92,42173001,13,27
93,93,42174001,16,37
94,94,42175001,16,42
95,95,42176001,19,14
96,96,42177001,22,20
97,97,42178001,20,21
98,98,42179001,17,22
99,99,42180001,21,16
100,100,42181001,27,13
101,101,42182001,20,23
102,102,42183001,22,24
103,103,42184001,26,14
104,104,42185001,27,11
105,105,42186001,16,26
106,106,42187001,19,25
107,107,42188001,16,16
108,108,42189001,14,31
109,109,42190001,16,39
110,110,42191001,20,15
111,111,42192001,23,22
112,112,42193001,16,27
113,113,42194001,32,11
114,114,42195001,21,12
115,115,42196001,14,32
116,116,42197001,24,22
117,117,42198001,28,16
118,118,42199001,22,25
119,119,42200001,17,27
120,120,42201001,12,27
121,121,42202001,16,26
122,122,42203001,17,18
123,123,42204001,23,19
124,124,42205001,16,26
125,125,42206001,29,17
126,126,42207001,20,28
127,127,42208001,22,28
128,128,42209001,18,21
129,129,42210001,21,22
130,130,42211001,10,29
131,131,42212001,21,18
132,132,42213001,17,31
133,133,42214001,18,30
134,134,42215001,22,23
135,135,42216001,19,30
136,136,42217001,23,15
137,137,42218001,23,20
138,138,42219001,17,30
139,139,42220001,27,17
140,140,42221001,16,25
141,141,42222001,16,35
142,142,42223001,19,26
143,143,42224001,29,19
144,144,42225001,26,15
145,145,42226001,27,11
146,146,42227001,12,28
147,147,42228001,13,24
148,148,42229001,25,18
149,149,42230001,23,12
150,150,42231001,23,23
151,151,42232001,23,18
152,152,42233001,19,29
153,153,42234001,29,20
154,154,42235001,24,23
155,155,42236001,25,22
156,156,42237001,18,33
157,157,42238001,26,19
158,158,42239001,17,21
159,159,42240001,15,26
160,160,42241001,25,18
161,161,42242001,20,20
162,162,42243001,28,13
163,163,42244001,25,9
164,164,42245001,25,15
165,165,42246001,13,36
166,166,42247001,23,22
167,167,42248001,14,22
168,168,42249001,27,18
169,169,42250001,16,32
170,170,42251001,29,9
171,171,42252001,30,15
172,172,42253001,27,17
173,173,42254001,15,21
174,174,42255001,15,25
175,175,42256001,21,25
176,176,42257001,14,24
177,177,42258001,21,24
178,178,42259001,26,11
179,179,42260001,26,14
180,180,42261001,26,16
181,181,42262001,22,17
182,182,42263001,17,30
183,183,42264001,12,37
184,184,42265001,18,22
185,185,42266001,0,51
186,186,42267001,-10,60
187,187,42268001,19,32
188,188,42269001,-3,46
189,189,42270001,24,17
190,190,42271001,25,17
191,191,42272001,29,11
192,192,42273001,25,22
193,193,42274001,17,23
194,194,42275001,23,22
195,195,42276001,22,27
196,196,42277001,26,7
197,197,42278001,23,16
198,198,42279001,23,24
199,199,42280001,22,13
200,200,42281001,25,18
201,201,42282001,11,32
202,202,42283001,17,23
203,203,42284001,28,9
204,204,42285001,22,22
205,205,42286001,15,27
206,206,42287001,17,21
207,207,42288001,17,26
208,208,42289001,15,23
209,209,42290001,19,13
210,210,42291001,21,25
211,211,42292001,29,14
212,212,42293001,19,25
213,213,42294001,31,12
214,214,42295001,27,22
215,215,42296001,17,18
216,216,42297001,17,24
217,217,42298001,24,17
218,218,42299001,20,27
219,219,42300001,22,16
220,220,42301001,24,25
221,221,42302001,24,27
222,222,42303001,24,23
223,223,42304001,19,23
224,224,42305001,18,24
225,225,42306001,20,23
226,226,42307001,22,19
227,227,42308001,28,19
228,228,42309001,23,12
229,229,42310001,14,35
230,230,42311001,-131,237
231,231,42312001,-113,229
232,232,42313001,-113,222
233,233,42314001,-97,199
234,234,42315001,26,15
235,235,42316001,17,25
236,236,42317001,19,26
237,237,42318001,16,23
238,238,42319001,23,19
239,239,42320001,21,23
240,240,42321001,18,24
241,241,42322001,29,14
242,242,42323001,20,25
243,243,42324001,17,23
244,244,42325001,23,13
245,245,42326001,27,12
246,246,42327001,16,29
247,247,42328001,14,29
248,248,42329001,16,21
249,249,42330001,14,26
250,250,42331001,0,51
251,251,42332001,21,20
252,252,42333001,24,20
253,253,42334001,2,53
254,254,42335001,-6,48
255,255,42336001,15,20
256,256,42337001,21,11
257,257,42338001,22,15
258,258,42339001,19,25
259,259,42340001,28,16
260,260,42341001,17,24
261,261,42342001,14,25
262,262,42343001,17,20
263,263,42344001,16,30
264,264,42345001,28,19
265,265,42346001,12,38
266,266,42347001,14,36
267,267,42348001,15,28
268,268,42349001,-11,54
269,269,42350001,-5,62
270,270,42351001,9,21
271,271,42352001,17,32
272,272,42353001,17,36
273,273,42354001,20,25
274,274,42355001,-260,447
275,275,42356001,-265,412
276,276,42357001,-275,448
277,277,42358001,-291,448
278,278,42359001,-254,441
279,279,42360001,-269,444
280,280,42361001,28,19
281,281,42362001,17,17
282,282,42363001,16,25
283,283,42364001,15,28
284,284,42365001,19,26
285,285,42366001,9,34
286,286,42367001,25,14
287,287,42368001,24,20
288,288,42369001,22,17
289,289,42370001,12,28
290,290,42371001,7,37
291,291,42372001,17,21
292,292,42373001,22,28
293,293,42374001,22,19
294,294,42375001,25,20
295,295,42376001,27,20
296,296,42377001,15,25
297,297,42378001,20,31
298,298,42379001,20,20
299,299,42380001,19,28
300,300,42381001,23,22
301,301,42382001,22,17
302,302,42383001,19,19
303,303,42384001,29,19
304,304,42385001,20,22
305,305,42386001,22,16
306,306,42387001,14,20
307,307,42388001,24,17
308,308,42389001,17,22
309,309,42390001,24,14
310,310,42391001,22,23
311,311,42392001,16,35
312,312,42393001,30,13
313,313,42394001,16,28
314,314,42395001,30,12
315,315,42396001,9,29
316,316,42397001,14,23
317,317,42398001,21,23
318,318,42399001,22,29
319,319,42400001,7,36
320,320,42401001,22,14
321,321,42402001,25,12
322,322,42403001,13,18
323,323,42404001,29,13
324,324,42405001,15,20
325,325,42406001,20,23
326,326,42407001,14,37
327,327,42408001,18,22
328,328,42409001,19,18
329,329,42410001,25,21
330,330,42411001,17,21
331,331,42412001,20,21
332,332,42413001,18,15
333,333,42414001,28,6
334,334,42415001,24,29
335,335,42416001,25,19
336,336,42417001,21,30
337,337,42418001,17,17
338,338,42419001,11,30
339,339,42420001,23,12
340,340,42421001,22,21
341,341,42422001,20,19
342,342,42423001,19,23
343,343,42424001,22,30
344,344,42425001,20,21
345,345,42426001,24,18
346,346,42427001,16,21
347,347,42428001,28,15
348,348,42429001,22,17
349,349,42430001,22,20
350,350,42431001,16,26
351,351,42432001,20,22
352,352,42433001,19,21
353,353,42434001,18,18
354,354,42435001,21,28
355,355,42436001,19,18
356,356,42437001,20,24
357,357,42438001,21,17
358,358,42439001,19,25
359,359,42440001,6,31
360,360,42441001,12,36
361,361,42442001,20,26
362,362,42443001,23,25
363,363,42444001,14,47
364,364,42445001,13,31
365,365,42446001,20,21
366,366,42447001,12,33
367,367,42448001,22,29
368,368,42449001,26,20
369,369,42450001,20,32
370,370,42451001,15,21
371,371,42452001,18,19
372,372,42453001,15,30
373,373,42454001,21,18
374,374,42455001,16,27
375,375,42456001,21,23
376,376,42457001,17,31
377,377,42458001,18,19
378,378,42459001,22,18
379,379,42460001,21,15
380,380,42461001,16,23
381,381,42462001,12,26
382,382,42463001,23,15
383,383,42464001,24,24
384,384,42465001,21,11
385,385,42466001,14,28
386,386,42467001,16,26
387,387,42468001,23,16
388,388,42469001,21,18
389,389,42470001,21,12
390,390,42471001,24,20
391,391,42472001,20,22
392,392,42473001,28,15
393,393,42474001,16,30
394,394,42475001,16,25
395,395,42476001,10,27
396,396,42477001,17,26
397,397,42478001,16,23
398,398,42479001,31,14
399,399,42480001,11,19
400,400,42481001,13,36
401,401,42482001,18,31
402,402,42483001,22,13
403,403,42484001,22,22
404,404,42485001,17,21
405,405,42486001,15,32
406,406,42487001,25,15
407,407,42488001,17,18
408,408,42489001,28,13
409,409,42490001,31,12
410,410,42491001,19,17
411,411,42492001,22,17
412,412,42493001,18,18
413,413,42494001,26,13
414,414,42495001,19,25
415,415,42496001,17,25
416,416,42497001,24,20
417,417,42498001,20,15
418,418,42499001,21,31
419,419,42500001,24,18
420,420,42501001,11,35
421,421,42502001,28,13
422,422,42503001,16,22
423,423,42504001,12,23
424,424,42505001,17,26
425,425,42506001,19,30
426,426,42507001,20,28
427,427,42508001,29,15
428,428,42509001,16,26
429,429,42510001,25,22
430,430,42511001,18,17
431,431,42512001,31,11
432,432,42513001,19,17
433,433,42514001,18,28
434,434,42515001,11,26
435,435,42516001,30,16
436,436,42517001,7,34
437,437,42518001,21,31
438,438,42519001,16,24
439,439,42520001,-3,60
440,440,42521001,4,58
441,441,42522001,1,46
442,442,42523001,2,55
443,443,42524001,12,37
444,444,42525001,7,42
445,445,42526001,-2,53
446,446,42527001,-5,56
447,447,42528001,-2,54
448,448,42529001,-3,42
449,449,42530001,17,12
450,450,42531001,25,17
451,451,42532001,13,26
452,452,42533001,18,30
453,453,42534001,31,13
454,454,42535001,21,31
455,455,42536001,23,14
456,456,42537001,24,24
457,457,42538001,13,30
458,458,42539001,22,17
459,459,42540001,20,26
460,460,42541001,20,19
461,461,42542001,23,17
462,462,42543001,14,29
463,463,42544001,26,19
464,464,42545001,22,25
465,465,42546001,14,28
466,466,42547001,22,30
467,467,42548001,24,16
468,468,42549001,27,17
469,469,42550001,22,19
470,470,42551001,25,19
471,471,42552001,25,17
472,472,42553001,17,26
473,473,42554001,17,25
474,474,42555001,20,25
475,475,42556001,16,21
476,476,42557001,25,14
477,477,42558001,19,34
478,478,42559001,13,33
479,479,42560001,16,13
480,480,42561001,22,18
481,481,42562001,-7,58
482,482,42563001,5,50
483,483,42564001,-1,62
484,484,42565001,20,15
485,485,42566001,9,45
486,486,42567001,2,43
487,487,42568001,-1,51
488,488,42569001,17,24
489,489,42570001,7,51
490,490,42571001,13,42
491,491,42572001,-1,51
492,492,42573001,1,42
493,493,42574001,3,35
494,494,42575001,-3,53
495,495,42576001,-10,60
496,496,42577001,-2,64
497,497,42578001,15,20
498,498,42579001,19,33
499,499,42580001,12,35
500,500,42581001,0,49
501,501,42582001,-7,81
502,502,42583001,-7,69
503,503,42584001,0,44
504,504,42585001,16,24
505,505,42586001,18,16
506,506,42587001,12,28
507,507,42588001,19,26
508,508,42589001,22,18
509,509,42590001,20,16
510,510,42591001,21,27
511,511,42592001,18,21
512,512,42593001,23,31
513,513,42594001,11,28
514,514,42595001,20,19
515,515,42596001,20,28
516,516,42597001,23,15
517,517,42598001,25,22
518,518,42599001,30,5
519,519,42600001,30,6
520,520,42601001,30,10
521,521,42602001,25,9
522,522,42603001,30,11
523,523,42604001,20,24
524,524,42605001,25,7
525,525,42606001,25,7
526,526,42607001,28,8
527,527,42608001,31,11
528,528,42609001,24,20
529,529,42610001,25,12
530,530,42611001,34,6
531,531,42612001,29,12
532,532,42613001,26,5
533,533,42614001,26,7
534,534,42615001,32,13
535,535,42616001,29,10
536,536,42617001,32,9
537,537,42618001,28,2
538,538,42619001,33,7
539,539,42620001,27,9
540,540,42621001,26,11
541,541,42622001,21,13
542,542,42623001,17,25
543,543,42624001,18,23
544,544,42625001,29,15
545,545,42626001,27,17
546,546,42627001,17,29
547,547,42628001,26,22
548,548,42629001,16,33
549,549,42630001,25,13
550,550,42631001,15,17
551,551,42632001,30,10
552,552,42633001,24,23
553,553,42634001,22,30
554,554,42635001,18,30
555,555,42636001,27,19
556,556,42637001,28,13
557,557,42638001,23,17
558,558,42639001,20,22
559,559,42640001,15,25
560,560,42641001,26,14
561,561,42642001,17,22
562,562,42643001,20,10
563,563,42644001,11,35
564,564,42645001,24,10
565,565,42646001,25,17
566,566,42647001,20,20
567,567,42648001,20,26
568,568,42649001,13,36
569,569,42650001,21,16
570,570,42651001,12,41
571,571,42652001,22,21
572,572,42653001,16,21
573,573,42654001,21,22
574,574,42655001,16,31
575,575,42656001,19,28
576,576,42657001,17,17
577,577,42658001,16,23
578,578,42659001,24,13
579,579,42660001,28,14
580,580,42661001,19,21
581,581,42662001,16,27
582,582,42663001,20,22
583,583,42664001,17,26
584,584,42665001,22,31
585,585,42666001,23,26
586,586,42667001,18,37
587,587,42668001,24,16
588,588,42669001,21,19
589,589,42670001,19,23
590,590,42671001,-4,53
591,591,42672001,19,24
592,592,42673001,27,16
593,593,42674001,28,20
594,594,42675001,17,17
595,595,42676001,21,28
596,596,42677001,15,20
597,597,42678001,16,35
598,598,42679001,19,19
599,599,42680001,25,18
600,600,42681001,21,25
601,601,42682001,18,22
602,602,42683001,27,19
603,603,42684001,20,21
604,604,42685001,9,32
605,605,42686001,20,18
606,606,42687001,18,28
607,607,42688001,21,20
608,608,42689001,20,18
609,609,42690001,25,19
610,610,42691001,13,34
611,611,42692001,19,26
612,612,42693001,20,26
613,613,42694001,23,18
614,614,42695001,13,27
615,615,42696001,22,10
616,616,42697001,14,32
617,617,42698001,21,17
618,618,42699001,17,19
619,619,42700001,25,21
620,620,42701001,25,14
621,621,42702001,17,16
622,622,42703001,19,27
623,623,42704001,20,19
624,624,42705001,25,13
625,625,42706001,18,21
626,626,42707001,17,22
627,627,42708001,20,18
628,628,42709001,22,10
629,629,42710001,19,25
630,630,42711001,17,24
631,631,42712001,23,19
632,632,42713001,18,21
633,633,42714001,15,24
634,634,42715001,19,32
635,635,42716001,15,26
636,636,42717001,26,24
637,637,42718001,17,31
638,638,42719001,24,16
639,639,42720001,27,19
640,640,42721001,11,31
641,641,42722001,24,18
642,642,42723001,27,23
643,643,42724001,20,33
644,644,42725001,21,25
645,645,42726001,29,4
646,646,42727001,25,9
647,647,42728001,18,26
648,648,42729001,21,13
649,649,42730001,9,40
650,650,42731001,16,22
651,651,42732001,24,22
652,652,42733001,19,19
653,653,42734001,22,22
654,654,42735001,23,18
655,655,42736001,25,19
656,656,42737001,24,17
657,657,42738001,14,30
658,658,42739001,24,23
659,659,42740001,23,17
660,660,42741001,20,32
661,661,42742001,21,22
662,662,42743001,19,15
663,663,42744001,24,12
664,664,42745001,27,15
665,665,42746001,21,20
666,666,42747001,20,23
667,667,42748001,19,26
668,668,42749001,21,17
669,669,42750001,21,18
670,670,42751001,24,14
671,671,42752001,27,9
672,672,42753001,26,20
673,673,42754001,17,21
674,674,42755001,18,26
675,675,42756001,13,25
676,676,42757001,21,18
677,677,42758001,27,24
678,678,42760001,26,17
679,679,42762001,28,11
680,680,42763001,22,12
681,681,42764001,22,19
682,682,42765001,17,33
683,683,42766001,24,6
684,684,42767001,23,15
685,685,42768001,17,18
686,686,42769001,8,28
687,687,42770001,22,16
688,688,42771001,19,25
689,689,42772001,21,29
690,690,42773001,17,23
691,691,42774001,18,25
692,692,42775001,19,17
693,693,42776001,14,29
694,694,42777001,31,13
695,695,42778001,3,46
696,696,42779001,19,22
697,697,42780001,17,18
698,698,42781001,20,23
699,699,42782001,24,23
700,700,42783001,24,20
701,701,42784001,25,15
702,702,42785001,31,1
703,703,42786001,35,6
704,704,42787001,30,7
705,705,42788001,29,7
706,706,42789001,27,12
707,707,42790001,29,7
708,708,42791001,12,20
709,709,42792001,26,14
710,710,42793001,19,13
711,711,42794001,11,29
712,712,42795001,25,18
713,713,42796001,20,20
714,714,42797001,25,21
715,715,42798001,20,10
716,716,42799001,23,18
717,717,42800001,20,20
718,718,42801001,23,22
719,719,42802001,20,14
720,720,42803001,26,14
721,721,42804001,17,23
722,722,42805001,26,7
723,723,42806001,18,13
724,724,42807001,12,24
725,725,42808001,29,8
726,726,42809001,21,21
727,727,42810001,21,18
728,728,42811001,19,16
729,729,42812001,13,28
730,730,42813001,22,9
731,731,42814001,25,13
732,732,42815001,18,23
733,733,42816001,23,13
734,734,42817001,17,21
735,735,42818001,17,24
736,736,42819001,12,26
737,737,42820001,14,28
738,738,42821001,13,33
739,739,42822001,29,15
740,740,42823001,19,23
741,741,42824001,19,19
742,742,42825001,20,21
743,743,42826001,22,7
744,744,42827001,23,13
745,745,42828001,21,28
746,746,42829001,19,26
747,747,42830001,8,29
748,748,42831001,20,23
749,749,42832001,23,15
750,750,42833001,26,19
751,751,42834001,27,18
752,752,42835001,17,12
753,753,42836001,13,29
754,754,42837001,18,18
755,755,42838001,25,19
756,756,42839001,4,38
757,757,42840001,21,29
758,758,42841001,23,16
759,759,42842001,31,15
760,760,42843001,22,24
761,761,42844001,17,17
762,762,42845001,15,33
763,763,42846001,28,16
764,764,42847001,16,23
765,765,42848001,23,14
766,766,42849001,22,20
767,767,42850001,-8,56
768,768,42851001,24,24
769,769,42852001,17,23
770,770,42853001,19,31
771,771,42854001,23,20
772,772,42855001,21,27
773,773,42856001,24,20
774,774,42857001,21,17
775,775,42858001,24,15
776,776,42859001,26,19
777,777,42860001,25,20
778,778,42861001,20,16
779,779,42863001,18,28
780,780,42864001,24,15
781,781,42865001,21,18
782,782,42866001,23,13
783,783,42867001,21,16
784,784,42868001,21,19
785,785,42869001,18,22
786,786,42870001,18,26
787,787,42871001,25,15
788,788,42872001,23,26
789,789,42873001,9,35
790,790,42874001,20,25
791,791,42875001,27,11
792,792,42876001,24,21
793,793,42877001,27,10
794,794,42878001,16,34
795,795,42879001,24,20
796,796,42880001,18,27
797,797,42881001,20,26
798,798,42882001,23,12
799,799,42883001,17,29
800,800,42884001,17,22
801,801,42885001,20,28
802,802,42886001,20,17
803,803,42887001,25,14
804,804,42888001,23,13
805,805,42889001,22,19
806,806,42890001,17,30
807,807,42891001,22,17
808,808,42892001,22,13
809,809,42893001,18,27
810,810,42894001,10,38
811,811,42895001,19,31
812,812,42896001,22,19
813,813,42897001,8,30
814,814,42898001,22,16
815,815,42899001,9,34
816,816,42900001,24,24
817,817,42901001,21,15
818,818,42902001,21,25
819,819,42903001,23,22
820,820,42904001,18,32
821,821,42905001,21,33
822,822,42906001,17,31
823,823,42907001,17,23
824,824,42908001,18,20
825,825,42909001,10,26
826,826,42910001,22,14
827,827,42911001,24,22
828,828,42912001,21,27
829,829,42913001,12,28
830,830,42914001,9,29
831,831,42915001,15,23
832,832,42916001,19,12
833,833,42917001,17,29
834,834,42918001,24,16
835,835,42919001,12,33
836,836,42920001,2,53
837,837,42921001,12,24
838,838,42922001,15,26
839,839,42923001,15,31
840,840,42924001,21,28
841,841,42925001,18,24
842,842,42926001,14,44
843,843,42927001,16,35
844,844,42928001,20,19
845,845,42929001,25,19
846,846,42930001,15,30
847,847,42931001,17,14
848,848,42932001,10,30
849,849,42933001,25,18
850,850,42934001,19,21
851,851,42935001,23,20
852,852,42936001,16,36
853,853,42937001,24,15
854,854,42938001,16,31
855,855,42939001,16,26
856,856,42940001,30,18
857,857,42941001,19,28
858,858,42942001,23,26
859,859,42943001,12,31
860,860,42944001,13,29
861,861,42945001,17,30
862,862,42946001,19,22
863,863,42947001,28,11
864,864,42948001,22,13
865,865,42949001,17,14
866,866,42950001,25,21
867,867,42951001,18,20
868,868,42952001,13,25
869,869,42953001,22,11
870,870,42954001,21,18
871,871,42955001,23,14
872,872,42956001,18,13
873,873,42957001,27,14
874,874,42958001,27,14
875,875,42959001,16,25
876,876,42960001,20,19
877,877,42961001,19,27
878,878,42962001,12,22
879,879,42963001,25,10
880,880,42964001,24,15
881,881,42965001,16,23
882,882,42966001,12,34
883,883,42967001,7,39
884,884,42968001,10,31
885,885,42969001,19,22
886,886,42970001,20,22
887,887,42971001,18,24
888,888,42972001,23,23
889,889,42973001,22,25
890,890,42974001,26,6
891,891,42975001,24,20
892,892,42976001,24,22
893,893,42977001,17,20
894,894,42978001,17,16
895,895,42979001,29,13
896,896,42980001,27,18
897,897,42981001,20,22
898,898,42982001,18,18
899,899,42983001,18,37
900,900,42984001,18,26
901,901,42985001,26,16
902,902,42986001,19,18
903,903,42987001,22,15
904,904,42988001,30,14
905,905,42989001,15,31
906,906,42990001,13,28
907,907,42991001,15,21
908,908,42992001,16,28
909,909,42993001,21,19
910,910,42994001,25,19
911,911,42995001,24,21
912,912,42996001,20,23
913,913,42997001,23,13
914,914,42998001,29,13
915,915,42999001,19,28
916,916,43000001,29,15
917,917,43001001,21,25
918,918,43002001,21,18
919,919,43003001,21,20
920,920,43004001,13,24
921,921,43005001,16,25
922,922,43006001,20,14
923,923,43007001,18,21
924,924,43008001,21,19
925,925,43009001,28,10
926,926,43010001,27,8
927,927,43011001,33,8
928,928,43012001,27,6
929,929,43013001,32,6
930,930,43014001,23,14
931,931,43015001,26,7
932,932,43016001,23,8
933,933,43017001,27,10
934,934,43018001,22,13
935,935,43019001,33,11
936,936,43020001,25,16
937,937,43021001,29,9
938,938,43022001,33,9
939,939,43023001,30,9
940,940,43024001,23,10
941,941,43025001,30,10
942,942,43026001,32,8
943,943,43027001,28,3
944,944,43028001,37,3
945,945,43029001,27,8
946,946,43030001,26,7
947,947,43031001,27,13
948,948,43032001,24,7
949,949,43033001,27,11
950,950,43034001,24,9
951,951,43035001,23,8
952,952,43036001,31,4
953,953,43037001,25,8
954,954,43038001,24,8
955,955,43039001,31,12
956,956,43040001,31,13
957,957,43041001,27,13
958,958,43042001,30,8
959,959,43043001,21,23
960,960,43044001,15,28
961,961,43045001,24,13
962,962,43046001,18,29
963,963,43047001,18,27
964,964,43048001,21,17
965,965,43049001,18,18
966,966,43050001,25,15
967,967,43051001,15,22
968,968,43052001,23,20
969,969,43053001,21,20
970,970,43054001,4,44
971,971,43055001,17,30
972,972,43056001,22,17
973,973,43057001,18,18
974,974,43058001,22,16
975,975,43059001,14,23
976,976,43060001,18,24
977,977,43061001,20,16
978,978,43062001,24,14
979,979,43063001,23,28
980,980,43064001,21,20
981,981,43065001,24,19
982,982,43066001,20,21
983,983,43067001,24,20
984,984,43068001,22,26
985,985,43071001,21,22
986,986,43072001,17,23
987,987,43073001,20,26
988,988,43074001,21,19
989,989,43075001,20,24
990,990,43076001,17,25
991,991,43077001,24,25
992,992,43078001,18,25
993,993,43079001,19,25
994,994,43080001,29,18
995,995,43081001,30,9
996,996,43082001,16,22
997,997,43083001,24,18
998,998,43084001,23,31
999,999,43085001,20,20
1000,1000,43086001,16,24
1001,1001,43087001,22,13
1002,1002,43088001,10,30
1003,1003,43089001,18,36
1004,1004,43090001,30,15
1005,1005,43091001,12,27
1006,1006,43092001,24,22
1007,1007,43093001,21,29
1008,1008,43094001,25,25
1009,1009,43095001,20,23
1010,1010,43096001,21,14
1011,1011,43097001,21,28
1012,1012,43098001,16,30
1013,1013,43099001,31,12
1014,1014,43100001,21,21
1015,1015,43101001,21,19
1016,1016,43102001,19,26
1017,1017,43103001,22,23
1018,1018,43104001,12,24
1019,1019,43105001,10,34
1020,1020,43106001,14,31
1021,1021,43107001,19,15
1022,1022,43108001,21,22
1023,1023,43109001,9,45
1024,1024,43110001,24,21
1025,1025,43111001,15,24
1026,1026,43112001,26,20
1027,1027,43113001,13,27
1028,1028,43114001,15,19
1029,1029,43115001,17,34
1030,1030,43116001,26,18
1031,1031,43117001,16,25
1032,1032,43118001,16,21
1033,1033,43119001,22,24
1034,1034,43120001,19,21
1035,1035,43121001,26,18
1036,1036,43122001,14,22
1037,1037,43123001,24,18
1038,1038,43124001,9,25
1039,1039,43125001,24,25
1040,1040,43126001,26,22
1041,1041,43127001,13,25
1042,1042,43128001,10,31
1043,1043,43129001,23,24
1044,1044,43130001,23,16
1045,1045,43131001,16,18
1046,1046,43132001,25,19
1047,1047,43133001,13,26
1048,1048,43134001,15,25
1049,1049,43135001,28,16
1050,1050,43136001,26,16
1051,1051,43137001,21,23
1052,1052,43138001,15,19
1053,1053,43139001,21,23
1054,1054,43140001,15,25
1055,1055,43141001,19,21
1056,1056,43142001,17,21
1057,1057,43143001,25,20
1058,1058,43144001,16,19
1059,1059,43145001,20,23
1060,1060,43146001,18,27
1061,1061,43147001,27,11
1062,1062,43148001,24,23
1063,1063,43149001,23,33
1064,1064,43150001,9,38
1065,1065,43151001,17,27
1066,1066,43152001,14,25
1067,1067,43153001,22,19
1068,1068,43154001,15,25
1069,1069,43155001,17,33
1070,1070,43156001,20,17
1071,1071,43157001,29,14
1072,1072,43158001,11,29
1073,1073,43159001,23,19
1074,1074,43160001,28,15
1075,1075,43161001,18,27
1076,1076,43162001,23,22
1077,1077,43163001,18,20
1078,1078,43164001,20,16
1079,1079,43165001,27,15
1080,1080,43166001,16,22
1081,1081,43167001,21,23
1082,1082,43168001,18,27
1083,1083,43169001,27,12
1084,1084,43170001,13,28
1085,1085,43171001,25,19
1086,1086,43172001,25,16
1087,1087,43173001,26,17
1088,1088,43174001,22,17
1089,1089,43175001,18,25
1090,1090,43176001,21,18
1091,1091,43177001,18,33
1092,1092,43178001,13,30
1093,1093,43179001,22,19
1094,1094,43180001,12,30
1095,1095,43181001,28,16
1096,1096,43182001,19,21
1097,1097,43183001,16,24
1098,1098,43184001,15,31
1099,1099,43185001,16,25
1100,1100,43186001,13,25
1101,1101,43187001,23,15
1102,1102,43188001,14,23
1103,1103,43189001,18,34
1104,1104,43190001,18,21
1105,1105,43191001,24,19
1106,1106,43192001,22,20
1107,1107,43193001,22,29
1108,1108,43194001,20,27
1109,1109,43195001,23,20
1110,1110,43196001,18,18
1111,1111,43197001,23,18
1112,1112,43198001,16,21
1113,1113,43199001,17,28
1114,1114,43200001,19,28
1115,1115,43201001,24,15
1116,1116,43202001,18,30
1117,1117,43203001,20,22
1118,1118,43204001,19,16
1119,1119,43205001,10,33
1120,1120,43206001,20,24
1121,1121,43207001,18,15
1122,1122,43208001,14,23
1123,1123,43209001,28,8
1124,1124,43210001,27,13
1125,1125,43211001,34,6
1126,1126,43212001,25,8
1127,1127,43213001,31,6
1128,1128,43214001,34,12
1129,1129,43215001,26,7
1130,1130,43216001,24,4
1131,1131,43217001,24,14
1132,1132,43218001,36,3
1133,1133,43219001,26,15
1134,1134,43220001,19,29
1135,1135,43221001,18,28
1136,1136,43222001,21,20
1137,1137,43223001,30,14
1138,1138,43224001,23,21
1139,1139,43225001,19,23
1140,1140,43226001,16,23
1141,1141,43227001,17,18
1142,1142,43228001,24,23
1143,1143,43229001,24,22
1144,1144,43230001,21,21
1145,1145,43231001,23,20
1146,1146,43232001,17,23
1147,1147,43233001,22,23
1148,1148,43234001,15,28
1149,1149,43235001,27,18
1150,1150,43236001,24,22
1151,1151,43237001,17,23
1152,1152,43238001,20,30
1153,1153,43239001,25,8
1154,1154,43240001,22,24
1155,1155,43241001,26,12
1156,1156,43242001,28,18
1157,1157,43243001,19,28
1158,1158,43244001,18,23
1159,1159,43245001,27,13
1160,1160,43246001,18,18
1161,1161,43247001,20,24
1162,1162,43248001,9,39
1163,1163,43249001,13,26
1164,1164,43250001,14,26
1165,1165,43251001,18,23
1166,1166,43252001,19,22
1167,1167,43253001,30,6
1168,1168,43254001,25,17
1169,1169,43255001,21,19
1170,1170,43256001,35,4
1171,1171,43257001,31,5
1172,1172,43258001,26,10
1173,1173,43259001,24,16
1174,1174,43260001,27,9
1175,1175,43261001,28,3
1176,1176,43262001,36,5
1177,1177,43263001,32,8
1178,1178,43264001,22,9
1179,1179,43265001,23,14
1180,1180,43266001,29,8
1181,1181,43267001,31,12
1182,1182,43268001,28,14
1183,1183,43269001,32,4
1184,1184,43270001,31,9
1185,1185,43271001,30,12
1186,1186,43272001,22,20
1187,1187,43273001,30,14
1188,1188,43274001,28,9
1189,1189,43275001,33,9
1190,1190,43276001,33,8
1191,1191,43277001,24,7
1192,1192,43278001,34,5
1193,1193,43279001,28,8
1194,1194,43280001,24,8
1195,1195,43281001,34,2
1196,1196,43282001,26,13
1197,1197,43283001,30,12
1198,1198,43284001,28,5
1199,1199,43285001,34,9
1200,1200,43286001,32,6
1201,1201,43287001,35,4
1202,1202,43288001,28,6
1203,1203,43289001,34,5
1204,1204,43290001,30,8
1205,1205,43291001,22,14
1206,1206,43292001,30,6
1207,1207,43293001,34,7
1208,1208,43294001,23,14
1209,1209,43295001,29,4
1210,1210,43296001,25,9
1211,1211,43297001,22,11
1212,1212,43298001,29,8
1213,1213,43299001,26,5
1214,1214,43300001,31,4
1215,1215,43301001,26,8
1216,1216,43302001,33,12
1217,1217,43303001,28,14
1218,1218,43304001,27,13
1219,1219,43305001,30,7
1220,1220,43306001,36,5
1221,1221,43307001,31,14
1222,1222,43308001,26,11
1223,1223,43309001,33,10
1224,1224,43310001,28,9
1225,1225,43311001,27,6
1226,1226,43312001,26,17
1227,1227,43313001,33,10
1228,1228,43314001,26,12
1229,1229,43315001,26,10
1230,1230,43316001,30,5
1231,1231,43317001,31,10
1232,1232,43318001,24,16
1233,1233,43319001,31,7
1234,1234,43320001,27,9
1235,1235,43321001,25,5
1236,1236,43322001,31,13
1237,1237,43323001,25,11
1238,1238,43324001,35,8
1239,1239,43325001,26,6
1240,1240,43326001,29,7
1241,1241,43327001,28,8
1242,1242,43328001,26,10
1243,1243,43329001,33,10
1244,1244,43330001,35,3
1245,1245,43331001,24,15
1246,1246,43332001,34,4
1247,1247,43333001,20,16
1248,1248,43334001,30,12
1249,1249,43335001,27,2
1250,1250,43336001,28,7
1251,1251,43337001,30,14
1252,1252,43338001,29,7
1253,1253,43339001,33,14
1254,1254,43340001,29,18
1255,1255,43341001,29,5
1256,1256,43342001,28,14
1257,1257,43343001,31,10
1258,1258,43344001,36,6
1259,1259,43345001,28,2
1260,1260,43346001,31,3
1261,1261,43347001,21,17
1262,1262,43348001,28,8
1263,1263,43349001,29,14
1264,1264,43350001,31,12
1265,1265,43351001,25,7
1266,1266,43352001,32,12
1267,1267,43353001,27,9
1268,1268,43354001,27,7
1269,1269,43355001,31,6
1270,1270,43356001,26,12
1271,1271,43357001,26,12
1272,1272,43358001,34,5
1273,1273,43359001,32,8
1274,1274,43360001,34,5
1275,1275,43361001,25,4
1276,1276,43362001,35,3
1277,1277,43363001,30,3
1278,1278,43364001,32,13
1279,1279,43365001,30,8
1280,1280,43366001,28,9
1281,1281,43367001,24,20
1282,1282,43368001,31,5
1283,1283,43369001,29,11
1284,1284,43370001,33,6
1285,1285,43371001,31,8
1286,1286,43372001,27,5
1287,1287,43373001,30,7
1288,1288,43374001,27,3
1289,1289,43375001,22,18
1290,1290,43376001,32,2
1291,1291,43377001,28,8
1292,1292,43378001,26,5
1293,1293,43379001,34,7
1294,1294,43380001,21,14
1295,1295,43381001,28,5
1296,1296,43382001,17,27
1297,1297,43383001,20,12
1298,1298,43384001,16,20
1299,1299,43385001,15,37
1300,1300,43386001,20,32
1301,1301,43387001,15,33
1302,1302,43388001,20,19
1303,1303,43389001,11,33
1304,1304,43390001,15,36
1305,1305,43391001,16,37
1306,1306,43392001,13,24
1307,1307,43393001,15,18
1308,1308,43394001,17,36
1309,1309,43395001,21,31
1310,1310,43396001,14,22
1311,1311,43397001,6,38
1312,1312,43398001,21,15
1313,1313,43399001,0,39
1314,1314,43400001,12,34
1315,1315,43401001,24,18
1316,1316,43402001,10,28
1317,1317,43403001,17,19
1318,1318,43404001,20,21
1319,1319,43405001,19,21
1320,1320,43406001,21,24
1321,1321,43407001,29,13
1322,1322,43408001,29,17
1323,1323,43409001,22,18
1324,1324,43410001,25,15
1325,1325,43411001,15,34
1326,1326,43412001,25,13
1327,1327,43413001,14,19
1328,1328,43414001,18,29
1329,1329,43415001,21,23
1330,1330,43416001,22,24
1331,1331,43417001,20,20
1332,1332,43418001,15,26
1333,1333,43419001,19,20
1334,1334,43420001,27,17
1335,1335,43421001,13,31
1336,1336,43422001,14,28
1337,1337,43423001,23,20
1338,1338,43424001,24,14
1339,1339,43425001,23,18
1340,1340,43426001,14,22
1341,1341,43427001,22,15
1342,1342,43428001,14,33
1343,1343,43429001,26,15
1344,1344,43430001,11,41
1345,1345,43431001,21,33
1346,1346,43432001,29,20
1347,1347,43433001,19,17
1348,1348,43434001,21,17
1349,1349,43435001,24,21
1350,1350,43436001,16,20
1351,1351,43437001,27,17
1352,1352,43438001,20,21
1353,1353,43439001,27,21
1354,1354,43440001,20,21
1355,1355,43441001,21,29
1356,1356,43442001,17,28
1357,1357,43443001,23,24
1358,1358,43444001,28,17
1359,1359,43445001,21,16
1360,1360,43446001,21,12
1361,1361,43447001,24,13
1362,1362,43448001,21,16
1363,1363,43449001,14,27
1364,1364,43450001,22,14
1365,1365,43451001,22,24
1366,1366,43452001,19,23
1367,1367,43453001,22,19
1368,1368,43454001,24,21
1369,1369,43455001,21,23
1370,1370,43456001,25,18
1371,1371,43457001,22,11
1372,1372,43458001,23,21
1373,1373,43459001,23,17
1374,1374,43460001,24,20
1375,1375,43461001,20,28
1376,1376,43462001,18,19
1377,1377,43463001,16,31
1378,1378,43464001,21,19
1379,1379,43465001,16,31
1380,1380,43466001,15,24
1381,1381,43467001,20,26
1382,1382,43468001,16,28
1383,1383,43469001,26,12
1384,1384,43470001,18,26
1385,1385,43471001,20,28
1386,1386,43472001,16,28
1387,1387,43473001,9,34
1388,1388,43474001,27,13
1389,1389,43475001,21,34
1390,1390,43476001,22,19
1391,1391,43477001,29,13
1392,1392,43478001,23,13
1393,1393,43479001,12,38
1394,1394,43480001,24,25
1395,1395,43481001,23,18
1396,1396,43482001,21,28
1397,1397,43483001,19,21
1398,1398,43484001,20,14
1399,1399,43485001,23,15
1400,1400,43486001,25,21
1401,1401,43487001,24,19
1402,1402,43488001,20,16
1403,1403,43489001,25,9
1404,1404,43490001,15,24
1405,1405,43491001,20,17
1406,1406,43492001,11,31
1407,1407,43493001,33,8
1408,1408,43494001,23,25
1409,1409,43495001,25,19
1410,1410,43496001,19,15
1411,1411,43497001,25,22
1412,1412,43498001,22,19
1413,1413,43499001,23,16
1414,1414,43500001,17,25
1415,1415,43501001,17,25
1416,1416,43502001,17,22
1417,1417,43503001,25,23
1418,1418,43504001,24,19
1419,1419,43505001,22,14
1420,1420,43506001,15,24
1421,1421,43507001,23,27
1422,1422,43508001,25,13
1423,1423,43509001,18,27
1424,1424,43510001,20,15
1425,1425,43511001,27,17
1426,1426,43512001,22,23
1427,1427,43513001,22,15
1428,1428,43514001,20,20
1429,1429,43515001,22,17
1430,1430,43516001,20,15
1431,1431,43517001,18,18
1432,1432,43518001,27,18
1433,1433,43519001,23,21
1434,1434,43520001,22,31
1435,1435,43521001,23,24
1436,1436,43522001,12,35
1437,1437,43523001,17,30
1438,1438,43524001,25,12
1439,1439,43525001,16,23
1440,1440,43526001,-1,54
1441,1441,43527001,2,47
1442,1442,43528001,2,61
1443,1443,43529001,-1,50
1444,1444,43530001,9,32
1445,1445,43531001,19,25
1446,1446,43532001,20,14
1447,1447,43533001,17,30
1448,1448,43534001,13,37
1449,1449,43535001,17,24
1450,1450,43536001,19,26
1451,1451,43537001,17,28
1452,1452,43538001,26,11
1453,1453,43539001,10,30
1454,1454,43540001,12,27
1455,1455,43541001,18,28
1456,1456,43542001,18,27
1457,1457,43543001,22,12
1458,1458,43544001,21,20
1459,1459,43545001,22,30
1460,1460,43546001,24,21
1461,1461,43547001,18,21
1462,1462,43548001,18,17
1463,1463,43549001,28,14
1464,1464,43550001,28,16
1465,1465,43551001,23,23
1466,1466,43552001,22,18
1467,1467,43553001,17,19
1468,1468,43554001,19,25
1469,1469,43555001,22,15
1470,1470,43556001,25,23
1471,1471,43557001,17,32
1472,1472,43558001,28,14
1473,1473,43559001,19,18
1474,1474,43560001,13,32
1475,1475,43561001,18,18
1476,1476,43562001,16,29
1477,1477,43563001,26,15
1478,1478,43564001,27,12
1479,1479,43565001,23,17
1480,1480,43566001,18,24
1481,1481,43567001,17,22
1482,1482,43568001,18,28
1483,1483,43569001,19,20
1484,1484,43570001,22,30
1485,1485,43571001,27,14
1486,1486,43572001,20,24
1487,1487,43573001,22,9
1488,1488,43574001,24,15
1489,1489,43575001,17,30
1490,1490,43576001,20,28
1491,1491,43577001,25,14
1492,1492,43578001,22,19
1493,1493,43579001,24,23
1494,1494,43580001,32,11
1495,1495,43581001,13,18
1496,1496,43582001,13,27
1497,1497,43583001,20,23
1498,1498,43584001,14,21
1499,1499,43585001,16,34
1500,1500,43586001,23,20
1501,1501,43587001,23,16
1502,1502,43588001,17,28
1503,1503,43589001,14,44
1504,1504,43590001,10,32
1505,1505,43591001,19,12
1506,1506,43592001,26,24
1507,1507,43593001,8,31
1508,1508,43594001,19,21
1509,1509,43595001,29,14
1510,1510,43596001,23,10
1511,1511,43597001,26,19
1512,1512,43598001,12,28
1513,1513,43599001,23,12
1514,1514,43600001,23,28
1515,1515,43601001,13,28
1516,1516,43602001,16,18
1517,1517,43603001,25,19
1518,1518,43604001,21,22
1519,1519,43605001,15,28
1520,1520,43606001,13,33
1521,1521,43607001,28,15
1522,1522,43608001,28,20
1523,1523,43609001,23,13
1524,1524,43610001,20,18
1525,1525,43611001,15,29
1526,1526,43612001,22,14
1527,1527,43613001,21,24
1528,1528,43614001,21,30
1529,1529,43615001,25,17
1530,1530,43616001,30,9
1531,1531,43617001,24,29
1532,1532,43618001,25,14
1533,1533,43619001,21,26
1534,1534,43620001,20,18
1535,1535,43621001,19,23
1536,1536,43622001,16,15
1537,1537,43623001,19,18
1538,1538,43624001,20,22
1539,1539,43625001,16,26
1540,1540,43626001,20,18
1541,1541,43627001,16,30
1542,1542,43628001,24,13
1543,1543,43629001,18,21
1544,1544,43630001,14,22
1545,1545,43631001,23,26
1546,1546,43632001,17,24
1547,1547,43633001,27,19
1548,1548,43634001,17,25
1549,1549,43635001,14,26
1550,1550,43636001,24,15
1551,1551,43637001,22,22
1552,1552,43638001,23,25
1553,1553,43639001,17,37
1554,1554,43640001,14,30
1555,1555,43641001,15,26
1556,1556,43642001,24,24
1557,1557,43643001,14,18
1558,1558,43644001,16,21
1559,1559,43645001,17,25
1560,1560,43646001,23,16
1561,1561,43647001,19,20
1562,1562,43648001,28,19
1563,1563,43649001,23,21
1564,1564,43650001,24,21
1565,1565,43651001,23,31
1566,1566,43652001,18,20
1567,1567,43653001,29,13
1568,1568,43654001,13,29
1569,1569,43655001,17,31
1570,1570,43656001,27,18
1571,1571,43657001,22,19
1572,1572,43658001,21,20
1573,1573,43659001,22,13
1574,1574,43660001,12,35
1575,1575,43661001,26,23
1576,1576,43662001,23,19
1577,1577,43663001,17,18
1578,1578,43664001,4,36
1579,1579,43665001,24,18
1580,1580,43666001,19,33
1581,1581,43667001,18,23
1582,1582,43668001,17,19
1583,1583,43669001,26,14
1584,1584,43670001,21,23
1585,1585,43671001,20,23
1586,1586,43672001,20,22
1587,1587,43673001,27,14
1588,1588,43674001,19,19
1589,1589,43675001,24,19
1590,1590,43676001,21,23
1591,1591,43677001,26,18
1592,1592,43678001,10,26
1593,1593,43679001,21,22
1594,1594,43680001,21,17
1595,1595,43681001,25,27
1596,1596,43682001,17,17
1597,1597,43683001,13,21
1598,1598,43684001,30,10
1599,1599,43685001,13,31
1600,1600,43686001,14,24
1601,1601,43687001,7,32
1602,1602,43688001,23,26
1603,1603,43689001,13,31
1604,1604,43690001,19,18
1605,1605,43691001,16,20
1606,1606,43692001,22,15
1607,1607,43693001,16,24
1608,1608,43694001,26,19
1609,1609,43695001,18,34
1610,1610,43696001,16,27
1611,1611,43697001,19,26
1612,1612,43698001,16,20
1613,1613,43699001,22,32
1614,1614,43700001,18,21
1615,1615,43701001,22,31
1616,1616,43702001,20,25
1617,1617,43703001,20,12
1618,1618,43704001,26,18
1619,1619,43705001,15,21
1620,1620,43706001,26,20
1621,1621,43707001,18,21
1622,1622,43708001,12,41
1623,1623,43709001,19,12
1624,1624,43710001,25,20
1625,1625,43711001,14,24
1626,1626,43712001,30,15
1627,1627,43713001,17,23
1628,1628,43714001,20,17
1629,1629,43715001,26,19
1630,1630,43716001,13,31
1631,1631,43717001,20,22
1632,1632,43718001,22,17
1633,1633,43719001,25,18
1634,1634,43720001,16,27
1635,1635,43721001,24,12
1636,1636,43722001,18,21
1637,1637,43723001,20,21
1638,1638,43724001,23,20
1639,1639,43725001,21,18
1640,1640,43726001,22,28
1641,1641,43727001,22,13
1642,1642,43728001,13,24
1643,1643,43729001,25,10
1644,1644,43730001,16,19
1645,1645,43731001,18,25
1646,1646,43732001,19,30
1647,1647,43733001,25,27
1648,1648,43734001,27,17
1649,1649,43735001,21,19
1650,1650,43736001,27,16
1651,1651,43737001,23,28
1652,1652,43738001,26,13
1653,1653,43739001,16,26
1654,1654,43740001,8,43
1655,1655,43741001,19,15
1656,1656,43742001,17,22
1657,1657,43743001,24,15
1658,1658,43744001,26,25
1659,1659,43745001,10,31
1660,1660,43746001,24,22
1661,1661,43747001,21,24
1662,1662,43748001,19,30
1663,1663,43749001,11,28
1664,1664,43750001,25,13
1665,1665,43751001,20,22
1666,1666,43752001,21,25
1667,1667,43753001,22,14
1668,1668,43754001,12,30
1669,1669,43755001,27,14
1670,1670,43756001,21,18
1671,1671,43757001,19,14
1672,1672,43758001,16,25
1673,1673,43759001,19,20
1674,1674,43760001,18,27
1675,1675,43761001,20,23
1676,1676,43762001,17,27
1677,1677,43763001,15,31
1678,1678,43764001,20,23
1679,1679,43765001,24,20
1680,1680,43766001,12,33
1681,1681,43767001,28,21
1682,1682,43768001,20,25
1683,1683,43769001,19,33
1684,1684,43770001,9,38
1685,1685,43771001,22,26
1686,1686,43772001,18,34
1687,1687,43773001,19,10
1688,1688,43774001,18,23
1689,1689,43775001,29,17
1690,1690,43776001,21,12
1691,1691,43777001,19,33
1692,1692,43778001,19,19
1693,1693,43779001,18,19
1694,1694,43780001,24,25
1695,1695,43781001,24,20
1696,1696,43782001,22,25
1697,1697,43783001,16,28
1698,1698,43784001,24,11
1699,1699,43785001,18,19
1700,1700,43786001,22,17
1701,1701,43787001,22,12
1702,1702,43788001,19,19
1703,1703,43789001,24,25
1704,1704,43790001,18,20
1705,1705,43791001,26,18
1706,1706,43792001,23,22
1707,1707,43793001,12,29
1708,1708,43794001,27,17
1709,1709,43795001,23,22
1710,1710,43796001,35,6
1711,1711,43797001,29,16
1712,1712,43798001,17,21
1713,1713,43799001,24,23
1714,1714,43800001,30,13
1715,1715,43801001,17,17
1716,1716,43802001,21,23
1717,1717,43803001,28,20
1718,1718,43804001,25,23
1719,1719,43805001,10,30
1720,1720,43806001,25,19
1721,1721,43807001,27,18
1722,1722,43808001,16,31
1723,1723,43809001,15,22
1724,1724,43810001,17,30
1725,1725,43811001,11,31
1726,1726,43812001,24,24
1727,1727,43813001,21,31
1728,1728,43814001,27,13
1729,1729,43815001,27,17
1730,1730,43816001,25,23
1731,1731,43817001,22,23
1732,1732,43818001,23,23
1733,1733,43819001,25,24
1734,1734,43820001,14,28
1735,1735,43821001,18,23
1736,1736,43822001,13,30
1737,1737,43823001,19,25
1738,1738,43824001,27,15
1739,1739,43825001,14,20
1740,1740,43826001,14,28
1741,1741,43827001,22,26
1742,1742,43828001,20,19
1743,1743,43829001,25,20
1744,1744,43830001,20,24
1745,1745,43831001,19,34
1746,1746,43832001,22,27
1747,1747,43833001,22,23
1748,1748,43834001,14,27
1749,1749,43835001,20,21
1750,1750,43836001,16,26
1751,1751,43837001,16,18
1752,1752,43838001,21,23
1753,1753,43839001,29,11
1754,1754,43840001,20,20
1755,1755,43841001,25,24
1756,1756,43842001,26,16
1757,1757,43843001,26,21
1758,1758,43844001,23,30
1759,1759,43845001,17,20
1760,1760,43846001,28,11
1761,1761,43847001,27,14
1762,1762,43848001,20,18
1763,1763,43849001,23,17
1764,1764,43850001,26,18
1765,1765,43851001,13,31
1766,1766,43852001,15,30
1767,1767,43853001,10,29
1768,1768,43854001,13,28
1769,1769,43855001,16,20
1770,1770,43856001,23,15
1771,1771,43857001,22,16
1772,1772,43858001,14,29
1773,1773,43859001,19,24
1774,1774,43860001,15,25
1775,1775,43861001,26,17
1776,1776,43862001,25,21
1777,1777,43863001,18,35
1778,1778,43864001,16,29
1779,1779,43865001,22,15
1780,1780,43866001,24,20
1781,1781,43867001,18,20
1782,1782,43868001,13,24
1783,1783,43869001,8,36
1784,1784,43870001,18,21
1785,1785,43871001,22,18
1786,1786,43872001,21,28
1787,1787,43873001,18,22
1788,1788,43874001,14,28
1789,1789,43875001,22,25
1790,1790,43876001,27,18
1791,1791,43877001,9,30
1792,1792,43878001,9,37
1793,1793,43879001,22,24
1794,1794,43880001,16,34
1795,1795,43881001,22,22
1796,1796,43882001,15,35
1797,1797,43883001,18,29
1798,1798,43884001,14,27
1799,1799,43885001,19,16
1800,1800,43886001,23,22
1801,1801,43887001,18,26
1802,1802,43888001,22,22
1803,1803,43889001,15,32
1804,1804,43890001,25,14
1805,1805,43891001,10,35
1806,1806,43892001,19,25
1807,1807,43893001,17,31
1808,1808,43894001,13,27
1809,1809,43895001,17,29
1810,1810,43896001,22,19
1811,1811,43897001,20,14
1812,1812,43898001,23,16
1813,1813,43899001,20,25
1814,1814,43900001,24,14
1815,1815,43901001,21,17
1816,1816,43902001,21,21
1817,1817,43903001,25,16
1818,1818,43904001,28,18
1819,1819,43905001,13,28
1820,1820,43906001,24,27
1821,1821,43907001,17,27
1822,1822,43908001,19,22
1823,1823,43909001,13,23
1824,1824,43910001,25,16
1825,1825,43911001,21,25
1826,1826,43912001,10,32
1827,1827,43913001,27,22
1828,1828,43914001,15,17
1829,1829,43915001,20,16
1830,1830,43916001,17,22
1831,1831,43917001,17,27
1832,1832,43918001,16,26
1833,1833,43919001,20,25
1834,1834,43920001,23,26
1835,1835,43921001,22,11
1836,1836,43922001,16,25
1837,1837,43923001,23,18
1838,1838,43924001,24,17
1839,1839,43925001,20,19
1840,1840,43926001,19,24
1841,1841,43927001,12,33
1842,1842,43928001,26,20
1843,1843,43929001,14,27
1844,1844,43930001,30,10
1845,1845,43931001,23,23
1846,1846,43932001,20,15
1847,1847,43933001,20,15
1848,1848,43934001,19,29
1849,1849,43935001,18,25
1850,1850,43936001,27,12
1851,1851,43937001,20,20
1852,1852,43938001,25,20
1853,1853,43939001,20,21
1854,1854,43940001,25,18
1855,1855,43941001,14,34
1856,1856,43942001,25,25
1857,1857,43943001,21,16
1858,1858,43944001,18,20
1859,1859,43945001,24,27
1860,1860,43946001,22,16
1861,1861,43947001,25,15
1862,1862,43948001,25,28
1863,1863,43949001,28,14
1864,1864,43950001,16,26
1865,1865,43951001,19,24
1866,1866,43952001,17,22
1867,1867,43953001,21,20
1868,1868,43954001,12,32
1869,1869,43955001,24,20
1870,1870,43956001,29,19
1871,1871,43957001,21,18
1872,1872,43958001,24,17
1873,1873,43959001,23,18
1874,1874,43960001,16,23
1875,1875,43961001,24,15
1876,1876,43962001,22,22
1877,1877,43963001,16,18
1878,1878,43964001,18,24
1879,1879,43965001,22,21
1880,1880,43966001,23,17
1881,1881,43967001,19,28
1882,1882,43968001,24,19
1883,1883,43969001,25,18
1884,1884,43970001,25,15
1885,1885,43971001,16,21
1886,1886,43972001,21,16
1887,1887,43973001,21,20
1888,1888,43974001,18,30
1889,1889,43975001,19,22
1890,1890,43976001,14,32
1891,1891,43977001,26,21
1892,1892,43978001,16,33
1893,1893,43979001,26,21
1894,1894,43980001,20,20
1895,1895,43981001,18,20
1896,1896,43982001,26,17
1897,1897,43983001,22,23
1898,1898,43984001,20,18
1899,1899,43985001,10,27
1900,1900,43986001,25,24
1901,1901,43987001,25,16
1902,1902,43988001,20,31
1903,1903,43989001,21,22
1904,1904,43990001,15,28
1905,1905,43991001,18,22
1906,1906,43992001,23,25
1907,1907,43993001,17,25
1908,1908,43994001,18,27
1909,1909,43995001,21,22
1910,1910,43996001,17,18
1911,1911,43997001,16,33
1912,1912,43998001,27,10
1913,1913,43999001,13,34
1914,1914,44000001,14,34
1915,1915,44001001,25,24
1916,1916,44002001,20,20
1917,1917,44003001,18,18
1918,1918,44004001,18,26
1919,1919,44005001,16,26
1920,1920,44006001,13,28
1921,1921,44007001,26,20
1922,1922,44008001,25,23
1923,1923,44009001,25,19
1924,1924,44010001,16,22
1925,1925,44011001,18,22
1926,1926,44012001,10,30
1927,1927,44013001,13,25
1928,1928,44014001,36,5
1929,1929,44015001,28,5
1930,1930,44016001,27,8
1931,1931,44017001,34,2
1932,1932,44018001,30,4
1933,1933,44019001,32,9
1934,1934,44020001,30,8
1935,1935,44021001,32,2
1936,1936,44022001,32,7
1937,1937,44023001,26,4
1938,1938,44024001,25,7
1939,1939,44025001,26,10
1940,1940,44026001,28,9
1941,1941,44027001,30,17
1942,1942,44028001,30,14
1943,1943,44029001,25,10
1944,1944,44030001,26,9
1945,1945,44031001,26,6
1946,1946,44032001,31,11
1947,1947,44033001,25,14
1948,1948,44034001,27,7
1949,1949,44035001,36,6
1950,1950,44036001,35,5
1951,1951,44037001,36,2
1952,1952,44038001,19,13
1953,1953,44039001,27,4
1954,1954,44040001,33,5
1955,1955,44041001,29,11
1956,1956,44042001,23,14
1957,1957,44043001,25,8
1958,1958,44044001,28,9
1959,1959,44045001,30,12
1960,1960,44046001,28,6
1961,1961,44047001,22,23
1962,1962,44048001,22,23
1963,1963,44049001,23,29
1964,1964,44050001,20,20
1965,1965,44051001,22,12
1966,1966,44052001,23,28
1967,1967,44053001,18,22
1968,1968,44054001,24,13
1969,1969,44055001,20,23
1970,1970,44056001,19,25
1971,1971,44057001,14,30
1972,1972,44058001,17,25
1973,1973,44059001,22,24
1974,1974,44060001,15,31
1975,1975,44061001,25,21
1976,1976,44062001,19,30
1977,1977,44063001,22,23
1978,1978,44064001,18,24
1979,1979,44065001,20,25
1980,1980,44066001,15,26
1981,1981,44067001,24,10
1982,1982,44068001,27,12
1983,1983,44069001,15,18
1984,1984,44070001,26,16
1985,1985,44071001,23,28
1986,1986,44072001,25,18
1987,1987,44073001,13,29
1988,1988,44074001,13,27
1989,1989,44075001,13,26
1990,1990,44076001,23,24
1991,1991,44077001,25,14
1992,1992,44078001,12,32
1993,1993,44079001,21,23
1994,1994,44080001,20,22
1995,1995,44081001,21,24
1996,1996,44082001,18,21
1997,1997,44083001,20,16
1998,1998,44084001,18,25
1999,1999,44085001,14,26
2000,2000,44086001,21,15
2001,2001,44087001,15,37
2002,2002,44088001,17,22
2003,2003,44089001,12,23
2004,2004,44090001,26,15
2005,2005,44091001,18,28
2006,2006,44092001,22,16
2007,2007,44093001,18,19
2008,2008,44094001,13,21
2009,2009,44095001,21,29
2010,2010,44096001,21,22
2011,2011,44097001,17,29
2012,2012,44098001,24,26
2013,2013,44099001,23,21
2014,2014,44100001,20,24
2015,2015,44101001,19,16
2016,2016,44102001,18,22
2017,2017,44103001,15,30
2018,2018,44104001,23,18
2019,2019,44105001,19,27
2020,2020,44106001,25,15
2021,2021,44107001,21,23
2022,2022,44108001,17,22
2023,2023,44109001,21,18
2024,2024,44110001,19,28
2025,2025,44111001,19,19
2026,2026,44112001,22,24
2027,2027,44113001,27,13
2028,2028,44114001,20,25
2029,2029,44115001,3,47
2030,2030,44116001,24,16
2031,2031,44117001,18,23
2032,2032,44118001,23,13
2033,2033,44119001,24,16
2034,2034,44120001,19,16
2035,2035,44121001,16,22
2036,2036,44122001,6,39
2037,2037,44123001,-4,63
2038,2038,44124001,-1,49
2039,2039,44125001,-2,56
2040,2040,44126001,15,25
2041,2041,44127001,26,13
2042,2042,44128001,12,21
2043,2043,44129001,22,23
2044,2044,44130001,15,28
2045,2045,44131001,15,29
2046,2046,44132001,24,23
2047,2047,44133001,28,19
2048,2048,44134001,29,15
2049,2049,44135001,23,20
2050,2050,44136001,7,42
2051,2051,44137001,25,25
2052,2052,44138001,25,16
2053,2053,44139001,32,11
2054,2054,44140001,17,23
2055,2055,44141001,19,30
2056,2056,44142001,19,20
2057,2057,44143001,19,25
2058,2058,44144001,16,27
2059,2059,44145001,13,22
2060,2060,44146001,19,33
2061,2061,44147001,25,14
2062,2062,44148001,22,20
2063,2063,44149001,19,20
2064,2064,44150001,18,21
2065,2065,44151001,16,19
2066,2066,44152001,15,23
2067,2067,44153001,21,19
2068,2068,44154001,17,31
2069,2069,44155001,18,29
2070,2070,44156001,29,7
2071,2071,44157001,11,36
2072,2072,44158001,16,30
2073,2073,44159001,20,17
2074,2074,44160001,28,18
