,Unnamed: 0,SKU,InStock,NumberOrdered
0,0,42081001,22,20
1,1,42082001,28,18
2,2,42083001,23,23
3,3,42084001,23,14
4,4,42085001,16,29
5,5,42086001,23,23
6,6,42087001,16,16
7,7,42088001,15,35
8,8,42089001,20,23
9,9,42090001,19,24
10,10,42091001,14,25
11,11,42092001,23,25
12,12,42093001,19,29
13,13,42094001,19,29
14,14,42095001,17,20
15,15,42096001,14,22
16,16,42097001,20,19
17,17,42098001,20,21
18,18,42099001,10,33
19,19,42100001,23,25
20,20,42101001,22,23
21,21,42102001,26,20
22,22,42103001,28,16
23,23,42104001,21,18
24,24,42105001,16,33
25,25,42106001,16,23
26,26,42107001,10,28
27,27,42108001,22,12
28,28,42109001,21,21
29,29,42110001,24,17
30,30,42111001,20,21
31,31,42112001,20,15
32,32,42113001,4,34
33,33,42114001,21,24
34,34,42115001,15,35
35,35,42116001,17,17
36,36,42117001,21,30
37,37,42118001,23,18
38,38,42119001,15,23
39,39,42120001,18,23
40,40,42121001,22,31
41,41,42122001,23,15
42,42,42123001,28,14
43,43,42124001,20,24
44,44,42125001,19,21
45,45,42126001,22,20
46,46,42127001,13,30
47,47,42128001,19,31
48,48,42129001,23,17
49,49,42130001,29,14
50,50,42131001,25,18
51,51,42132001,17,24
52,52,42133001,17,22
53,53,42134001,15,20
54,54,42135001,22,22
55,55,42136001,21,21
56,56,42137001,23,20
57,57,42138001,28,21
58,58,42139001,17,28
59,59,42140001,12,21
60,60,42141001,15,18
61,61,42142001,22,20
62,62,42143001,13,32
63,63,42144001,20,16
64,64,42145001,13,23
65,65,42146001,30,8
66,66,42147001,24,17
67,67,42148001,20,30
68,68,42149001,32,9
69,69,42150001,29,2
70,70,42151001,28,10
71,71,42152001,31,9
72,72,42153001,26,14
73,73,42154001,32,6
74,74,42155001,29,12
75,75,42156001,17,21
76,76,42157001,21,21
77,77,42158001,14,29
78,78,42159001,15,18
79,79,42160001,13,40
80,80,42161001,21,20
81,81,42162001,17,21
82,82,42163001,17,16
83,83,42164001,25,13
84,84,42165001,20,24
85,85,42166001,21,23
86,86,42167001,19,22
87,87,42168001,17,21
88,88,42169001,20,19
89,89,42170001,19,29
90,90,42171001,27,17
91,91,42172001,17,25
92,92,42173001,16,31
93,93,42174001,18,30
94,94,42175001,20,26
95,95,42176001,26,23
96,96,42177001,18,29
97,97,42178001,24,13
98,98,42179001,18,21
99,99,42180001,13,38
100,100,42181001,16,38
101,101,42182001,19,19
102,102,42183001,29,18
103,103,42184001,12,32
104,104,42185001,30,14
105,105,42186001,18,20
106,106,42187001,19,30
107,107,42188001,15,23
108,108,42189001,26,15
109,109,42190001,16,17
110,110,42191001,8,37
111,111,42192001,12,31
112,112,42193001,22,24
113,113,42194001,13,29
114,114,42195001,23,14
115,115,42196001,17,21
116,116,42197001,22,16
117,117,42198001,23,23
118,118,42199001,18,29
119,119,42200001,18,15
120,120,42201001,16,23
121,121,42202001,19,18
122,122,42203001,19,25
123,123,42204001,15,25
124,124,42205001,15,23
125,125,42206001,10,25
126,126,42207001,18,20
127,127,42208001,20,29
128,128,42209001,12,31
129,129,42210001,24,23
130,130,42211001,20,23
131,131,42212001,17,28
132,132,42213001,16,21
133,133,42214001,26,16
134,134,42215001,16,29
135,135,42216001,16,24
136,136,42217001,19,22
137,137,42218001,20,34
138,138,42219001,18,31
139,139,42220001,27,20
140,140,42221001,22,26
141,141,42222001,7,44
142,142,42223001,12,27
143,143,42224001,20,24
144,144,42225001,19,28
145,145,42226001,24,20
146,146,42227001,20,23
147,147,42228001,20,15
148,148,42229001,14,22
149,149,42230001,18,28
150,150,42231001,17,26
151,151,42232001,25,21
152,152,42233001,29,14
153,153,42234001,12,26
154,154,42235001,13,23
155,155,42236001,17,29
156,156,42237001,14,35
157,157,42238001,23,26
158,158,42239001,21,13
159,159,42240001,15,32
160,160,42241001,26,10
161,161,42242001,18,27
162,162,42243001,12,24
163,163,42244001,18,26
164,164,42245001,18,22
165,165,42246001,26,12
166,166,42247001,28,13
167,167,42248001,18,24
168,168,42249001,23,19
169,169,42250001,12,37
170,170,42251001,26,20
171,171,42252001,26,20
172,172,42253001,18,21
173,173,42254001,14,34
174,174,42255001,16,34
175,175,42256001,19,22
176,176,42257001,26,16
177,177,42258001,26,24
178,178,42259001,24,19
179,179,42260001,22,23
180,180,42261001,22,26
181,181,42262001,17,26
182,182,42263001,19,21
183,183,42264001,16,20
184,184,42265001,21,20
185,185,42266001,5,50
186,186,42267001,-12,64
187,187,42268001,20,31
188,188,42269001,9,38
189,189,42270001,20,15
190,190,42271001,24,22
191,191,42272001,20,37
192,192,42273001,16,20
193,193,42274001,26,22
194,194,42275001,24,25
195,195,42276001,15,39
196,196,42277001,23,15
197,197,42278001,22,13
198,198,42279001,24,13
199,199,42280001,16,23
200,200,42281001,23,21
201,201,42282001,14,19
202,202,42283001,24,21
203,203,42284001,25,17
204,204,42285001,22,18
205,205,42286001,15,18
206,206,42287001,21,22
207,207,42288001,23,12
208,208,42289001,22,27
209,209,42290001,18,19
210,210,42291001,17,20
211,211,42292001,20,26
212,212,42293001,22,23
213,213,42294001,16,27
214,214,42295001,14,25
215,215,42296001,16,32
216,216,42297001,21,16
217,217,42298001,21,19
218,218,42299001,9,31
219,219,42300001,15,17
220,220,42301001,18,16
221,221,42302001,19,24
222,222,42303001,14,23
223,223,42304001,14,29
224,224,42305001,19,16
225,225,42306001,25,20
226,226,42307001,21,28
227,227,42308001,24,13
228,228,42309001,15,33
229,229,42310001,26,18
230,230,42311001,-147,264
231,231,42312001,-104,217
232,232,42313001,-143,256
233,233,42314001,-115,213
234,234,42315001,23,24
235,235,42316001,29,14
236,236,42317001,20,25
237,237,42318001,20,27
238,238,42319001,31,12
239,239,42320001,14,27
240,240,42321001,18,25
241,241,42322001,24,16
242,242,42323001,18,35
243,243,42324001,16,22
244,244,42325001,17,30
245,245,42326001,21,20
246,246,42327001,20,21
247,247,42328001,25,12
248,248,42329001,17,22
249,249,42330001,19,17
250,250,42331001,1,56
251,251,42332001,26,18
252,252,42333001,18,16
253,253,42334001,-2,59
254,254,42335001,2,45
255,255,42336001,19,28
256,256,42337001,14,17
257,257,42338001,23,20
258,258,42339001,24,22
259,259,42340001,23,19
260,260,42341001,21,15
261,261,42342001,9,33
262,262,42343001,15,27
263,263,42344001,20,15
264,264,42345001,33,8
265,265,42346001,21,24
266,266,42347001,20,30
267,267,42348001,10,32
268,268,42349001,-3,56
269,269,42350001,-6,62
270,270,42351001,15,27
271,271,42352001,25,12
272,272,42353001,10,34
273,273,42354001,15,34
274,274,42355001,-264,428
275,275,42356001,-287,466
276,276,42357001,-278,477
277,277,42358001,-269,459
278,278,42359001,-260,461
279,279,42360001,-262,448
280,280,42361001,20,17
281,281,42362001,23,17
282,282,42363001,20,27
283,283,42364001,20,17
284,284,42365001,13,23
285,285,42366001,19,23
286,286,42367001,19,27
287,287,42368001,13,26
288,288,42369001,24,18
289,289,42370001,18,25
290,290,42371001,22,21
291,291,42372001,22,22
292,292,42373001,21,19
293,293,42374001,16,25
294,294,42375001,12,34
295,295,42376001,32,12
296,296,42377001,24,22
297,297,42378001,23,16
298,298,42379001,15,31
299,299,42380001,20,33
300,300,42381001,22,18
301,301,42382001,10,36
302,302,42383001,21,16
303,303,42384001,24,19
304,304,42385001,17,21
305,305,42386001,18,22
306,306,42387001,18,26
307,307,42388001,15,24
308,308,42389001,26,6
309,309,42390001,17,33
310,310,42391001,16,33
311,311,42392001,15,31
312,312,42393001,6,38
313,313,42394001,21,23
314,314,42395001,19,25
315,315,42396001,22,12
316,316,42397001,24,10
317,317,42398001,18,22
318,318,42399001,25,19
319,319,42400001,21,22
320,320,42401001,21,16
321,321,42402001,23,16
322,322,42403001,21,20
323,323,42404001,19,25
324,324,42405001,18,34
325,325,42406001,15,28
326,326,42407001,21,22
327,327,42408001,26,20
328,328,42409001,13,21
329,329,42410001,19,22
330,330,42411001,18,29
331,331,42412001,25,19
332,332,42413001,24,19
333,333,42414001,20,28
334,334,42415001,17,31
335,335,42416001,19,31
336,336,42417001,18,18
337,337,42418001,23,15
338,338,42419001,20,24
339,339,42420001,19,20
340,340,42421001,14,30
341,341,42422001,25,15
342,342,42423001,25,19
343,343,42424001,16,20
344,344,42425001,19,34
345,345,42426001,11,30
346,346,42427001,18,18
347,347,42428001,21,22
348,348,42429001,19,20
349,349,42430001,16,23
350,350,42431001,14,27
351,351,42432001,19,27
352,352,42433001,17,34
353,353,42434001,18,14
354,354,42435001,13,29
355,355,42436001,21,26
356,356,42437001,21,20
357,357,42438001,16,25
358,358,42439001,19,16
359,359,42440001,18,35
360,360,42441001,10,35
361,361,42442001,17,26
362,362,42443001,16,31
363,363,42444001,10,25
364,364,42445001,12,31
365,365,42446001,20,20
366,366,42447001,18,19
367,367,42448001,24,17
368,368,42449001,15,33
369,369,42450001,7,42
370,370,42451001,22,27
371,371,42452001,19,19
372,372,42453001,22,26
373,373,42454001,28,18
374,374,42455001,16,20
375,375,42456001,22,18
376,376,42457001,23,20
377,377,42458001,20,30
378,378,42459001,9,30
379,379,42460001,22,23
380,380,42461001,20,22
381,381,42462001,16,23
382,382,42463001,16,20
383,383,42464001,27,12
384,384,42465001,24,21
385,385,42466001,21,22
386,386,42467001,22,11
387,387,42468001,15,23
388,388,42469001,17,27
389,389,42470001,18,19
390,390,42471001,15,28
391,391,42472001,21,20
392,392,42473001,21,14
393,393,42474001,15,28
394,394,42475001,29,9
395,395,42476001,14,23
396,396,42477001,23,19
397,397,42478001,21,18
398,398,42479001,26,10
399,399,42480001,28,12
400,400,42481001,17,27
401,401,42482001,23,27
402,402,42483001,15,25
403,403,42484001,20,36
404,404,42485001,21,28
405,405,42486001,16,28
406,406,42487001,15,25
407,407,42488001,13,29
408,408,42489001,19,24
409,409,42490001,21,14
410,410,42491001,26,9
411,411,42492001,19,31
412,412,42493001,20,18
413,413,42494001,14,17
414,414,42495001,23,20
415,415,42496001,22,24
416,416,42497001,15,21
417,417,42498001,14,24
418,418,42499001,17,36
419,419,42500001,15,24
420,420,42501001,18,11
421,421,42502001,17,27
422,422,42503001,12,27
423,423,42504001,18,21
424,424,42505001,23,11
425,425,42506001,22,15
426,426,42507001,21,26
427,427,42508001,24,21
428,428,42509001,18,14
429,429,42510001,15,27
430,430,42511001,22,18
431,431,42512001,18,25
432,432,42513001,17,16
433,433,42514001,16,30
434,434,42515001,18,16
435,435,42516001,22,22
436,436,42517001,22,14
437,437,42518001,14,24
438,438,42519001,14,28
439,439,42520001,1,52
440,440,42521001,-19,91
441,441,42522001,-12,64
442,442,42523001,-3,63
443,443,42524001,8,29
444,444,42525001,1,39
445,445,42526001,6,50
446,446,42527001,-13,64
447,447,42528001,3,58
448,448,42529001,-2,67
449,449,42530001,15,27
450,450,42531001,18,26
451,451,42532001,24,16
452,452,42533001,23,23
453,453,42534001,22,18
454,454,42535001,20,26
455,455,42536001,15,31
456,456,42537001,7,38
457,457,42538001,17,20
458,458,42539001,21,26
459,459,42540001,14,31
460,460,42541001,23,13
461,461,42542001,22,24
462,462,42543001,24,17
463,463,42544001,17,20
464,464,42545001,16,16
465,465,42546001,18,16
466,466,42547001,18,28
467,467,42548001,15,31
468,468,42549001,22,18
469,469,42550001,20,13
470,470,42551001,14,43
471,471,42552001,22,20
472,472,42553001,16,27
473,473,42554001,18,20
474,474,42555001,24,19
475,475,42556001,10,40
476,476,42557001,14,24
477,477,42558001,15,33
478,478,42559001,15,25
479,479,42560001,14,33
480,480,42561001,16,20
481,481,42562001,8,37
482,482,42563001,-16,58
483,483,42564001,-22,76
484,484,42565001,22,26
485,485,42566001,10,38
486,486,42567001,-4,45
487,487,42568001,0,55
488,488,42569001,20,16
489,489,42570001,1,34
490,490,42571001,13,41
491,491,42572001,9,42
492,492,42573001,10,37
493,493,42574001,15,35
494,494,42575001,-4,62
495,495,42576001,2,50
496,496,42577001,-11,58
497,497,42578001,20,28
498,498,42579001,25,18
499,499,42580001,-7,58
500,500,42581001,-2,53
501,501,42582001,0,51
502,502,42583001,0,46
503,503,42584001,-6,61
504,504,42585001,21,11
505,505,42586001,19,14
506,506,42587001,21,19
507,507,42588001,12,26
508,508,42589001,23,20
509,509,42590001,23,17
510,510,42591001,25,13
511,511,42592001,16,20
512,512,42593001,28,17
513,513,42594001,16,20
514,514,42595001,12,34
515,515,42596001,15,21
516,516,42597001,14,42
517,517,42598001,27,21
518,518,42599001,35,4
519,519,42600001,27,6
520,520,42601001,26,8
521,521,42602001,31,12
522,522,42603001,24,18
523,523,42604001,32,14
524,524,42605001,23,11
525,525,42606001,35,4
526,526,42607001,24,15
527,527,42608001,23,13
528,528,42609001,30,4
529,529,42610001,33,11
530,530,42611001,28,7
531,531,42612001,29,10
532,532,42613001,22,16
533,533,42614001,27,7
534,534,42615001,29,8
535,535,42616001,34,11
536,536,42617001,26,13
537,537,42618001,33,4
538,538,42619001,36,6
539,539,42620001,27,5
540,540,42621001,33,5
541,541,42622001,18,21
542,542,42623001,22,16
543,543,42624001,20,11
544,544,42625001,15,27
545,545,42626001,25,18
546,546,42627001,22,13
547,547,42628001,18,19
548,548,42629001,21,13
549,549,42630001,18,33
550,550,42631001,25,15
551,551,42632001,17,27
552,552,42633001,22,14
553,553,42634001,21,22
554,554,42635001,24,30
555,555,42636001,20,21
556,556,42637001,19,21
557,557,42638001,19,29
558,558,42639001,28,11
559,559,42640001,30,11
560,560,42641001,13,24
561,561,42642001,15,26
562,562,42643001,27,7
563,563,42644001,21,27
564,564,42645001,22,19
565,565,42646001,18,22
566,566,42647001,13,24
567,567,42648001,18,22
568,568,42649001,5,41
569,569,42650001,19,17
570,570,42651001,10,31
571,571,42652001,13,29
572,572,42653001,23,20
573,573,42654001,13,29
574,574,42655001,18,20
575,575,42656001,24,18
576,576,42657001,11,45
577,577,42658001,23,14
578,578,42659001,21,13
579,579,42660001,25,16
580,580,42661001,18,37
581,581,42662001,22,20
582,582,42663001,15,19
583,583,42664001,19,17
584,584,42665001,21,14
585,585,42666001,15,33
586,586,42667001,17,25
587,587,42668001,31,11
588,588,42669001,13,22
589,589,42670001,22,12
590,590,42671001,-1,42
591,591,42672001,22,18
592,592,42673001,20,14
593,593,42674001,21,21
594,594,42675001,20,20
595,595,42676001,14,35
596,596,42677001,21,21
597,597,42678001,23,13
598,598,42679001,19,15
599,599,42680001,16,30
600,600,42681001,20,20
601,601,42682001,22,18
602,602,42683001,17,16
603,603,42684001,17,23
604,604,42685001,23,20
605,605,42686001,20,17
606,606,42687001,22,18
607,607,42688001,18,21
608,608,42689001,15,16
609,609,42690001,20,20
610,610,42691001,21,21
611,611,42692001,12,29
612,612,42693001,25,15
613,613,42694001,26,15
614,614,42695001,22,29
615,615,42696001,21,15
616,616,42697001,20,19
617,617,42698001,14,32
618,618,42699001,17,26
619,619,42700001,19,23
620,620,42701001,15,25
621,621,42702001,25,23
622,622,42703001,21,29
623,623,42704001,24,28
624,624,42705001,23,12
625,625,42706001,19,29
626,626,42707001,12,30
627,627,42708001,18,29
628,628,42709001,13,28
629,629,42710001,16,32
630,630,42711001,17,26
631,631,42712001,25,20
632,632,42713001,25,24
633,633,42714001,19,17
634,634,42715001,20,20
635,635,42716001,20,36
636,636,42717001,20,16
637,637,42718001,26,14
638,638,42719001,23,23
639,639,42720001,24,14
640,640,42721001,25,21
641,641,42722001,25,25
642,642,42723001,22,15
643,643,42724001,20,19
644,644,42725001,11,30
645,645,42726001,24,17
646,646,42727001,33,8
647,647,42728001,21,28
648,648,42729001,28,12
649,649,42730001,19,28
650,650,42731001,25,18
651,651,42732001,26,18
652,652,42733001,17,31
653,653,42734001,24,13
654,654,42735001,25,12
655,655,42736001,21,22
656,656,42737001,17,22
657,657,42738001,23,29
658,658,42739001,14,21
659,659,42740001,20,20
660,660,42741001,15,31
661,661,42742001,23,21
662,662,42743001,15,30
663,663,42744001,18,29
664,664,42745001,16,35
665,665,42746001,22,13
666,666,42747001,15,29
667,667,42748001,13,25
668,668,42749001,16,27
669,669,42750001,26,11
670,670,42751001,28,14
671,671,42752001,25,16
672,672,42753001,19,27
673,673,42754001,21,18
674,674,42755001,22,25
675,675,42756001,13,31
676,676,42757001,20,18
677,677,42758001,28,21
678,678,42760001,17,23
679,679,42762001,19,38
680,680,42763001,18,20
681,681,42764001,21,27
682,682,42765001,18,24
683,683,42766001,24,20
684,684,42767001,27,12
685,685,42768001,17,23
686,686,42769001,18,26
687,687,42770001,11,25
688,688,42771001,18,24
689,689,42772001,17,25
690,690,42773001,16,30
691,691,42774001,26,17
692,692,42775001,15,22
693,693,42776001,19,26
694,694,42777001,12,31
695,695,42778001,14,40
696,696,42779001,15,23
697,697,42780001,26,12
698,698,42781001,23,19
699,699,42782001,16,22
700,700,42783001,25,25
701,701,42784001,17,27
702,702,42785001,27,9
703,703,42786001,22,15
704,704,42787001,28,4
705,705,42788001,28,4
706,706,42789001,26,9
707,707,42790001,33,6
708,708,42791001,20,17
709,709,42792001,12,30
710,710,42793001,21,26
711,711,42794001,27,22
712,712,42795001,30,18
713,713,42796001,20,19
714,714,42797001,19,25
715,715,42798001,23,23
716,716,42799001,14,22
717,717,42800001,13,26
718,718,42801001,17,25
719,719,42802001,30,15
720,720,42803001,19,32
721,721,42804001,24,20
722,722,42805001,23,24
723,723,42806001,16,21
724,724,42807001,24,23
725,725,42808001,20,19
726,726,42809001,21,15
727,727,42810001,20,27
728,728,42811001,15,37
729,729,42812001,22,16
730,730,42813001,26,18
731,731,42814001,21,31
732,732,42815001,27,16
733,733,42816001,19,20
734,734,42817001,23,16
735,735,42818001,19,14
736,736,42819001,20,19
737,737,42820001,16,26
738,738,42821001,17,28
739,739,42822001,21,17
740,740,42823001,22,20
741,741,42824001,21,22
742,742,42825001,7,31
743,743,42826001,27,13
744,744,42827001,28,16
745,745,42828001,18,19
746,746,42829001,21,28
747,747,42830001,21,20
748,748,42831001,11,29
749,749,42832001,24,12
750,750,42833001,17,33
751,751,42834001,12,39
752,752,42835001,13,35
753,753,42836001,19,24
754,754,42837001,13,21
755,755,42838001,21,21
756,756,42839001,18,24
757,757,42840001,14,33
758,758,42841001,17,29
759,759,42842001,20,17
760,760,42843001,12,30
761,761,42844001,21,23
762,762,42845001,21,27
763,763,42846001,24,24
764,764,42847001,14,26
765,765,42848001,20,18
766,766,42849001,14,28
767,767,42850001,-4,56
768,768,42851001,29,13
769,769,42852001,12,30
770,770,42853001,22,19
771,771,42854001,19,24
772,772,42855001,23,13
773,773,42856001,21,10
774,774,42857001,21,20
775,775,42858001,21,15
776,776,42859001,23,20
777,777,42860001,16,24
778,778,42861001,21,17
779,779,42863001,19,19
780,780,42864001,15,17
781,781,42865001,21,15
782,782,42866001,25,20
783,783,42867001,19,24
784,784,42868001,23,17
785,785,42869001,22,19
786,786,42870001,27,19
787,787,42871001,32,8
788,788,42872001,15,24
789,789,42873001,17,27
790,790,42874001,16,25
791,791,42875001,17,31
792,792,42876001,16,21
793,793,42877001,16,23
794,794,42878001,26,14
795,795,42879001,22,24
796,796,42880001,24,19
797,797,42881001,15,21
798,798,42882001,22,23
799,799,42883001,22,23
800,800,42884001,22,21
801,801,42885001,13,30
802,802,42886001,18,25
803,803,42887001,20,23
804,804,42888001,29,17
805,805,42889001,24,19
806,806,42890001,22,21
807,807,42891001,22,13
808,808,42892001,17,22
809,809,42893001,13,32
810,810,42894001,15,20
811,811,42895001,11,26
812,812,42896001,19,25
813,813,42897001,17,29
814,814,42898001,14,26
815,815,42899001,16,22
816,816,42900001,19,13
817,817,42901001,16,32
818,818,42902001,15,30
819,819,42903001,21,23
820,820,42904001,24,23
821,821,42905001,16,33
822,822,42906001,14,30
823,823,42907001,20,22
824,824,42908001,23,28
825,825,42909001,23,24
826,826,42910001,23,22
827,827,42911001,20,19
828,828,42912001,15,20
829,829,42913001,18,28
830,830,42914001,12,31
831,831,42915001,14,20
832,832,42916001,20,27
833,833,42917001,15,16
834,834,42918001,23,10
835,835,42919001,16,21
836,836,42920001,13,44
837,837,42921001,14,30
838,838,42922001,21,14
839,839,42923001,12,29
840,840,42924001,19,33
841,841,42925001,15,25
842,842,42926001,8,42
843,843,42927001,21,22
844,844,42928001,12,28
845,845,42929001,18,18
846,846,42930001,17,24
847,847,42931001,27,18
848,848,42932001,21,19
849,849,42933001,23,20
850,850,42934001,14,28
851,851,42935001,18,40
852,852,42936001,15,27
853,853,42937001,24,20
854,854,42938001,15,33
855,855,42939001,5,34
856,856,42940001,14,22
857,857,42941001,12,32
858,858,42942001,29,8
859,859,42943001,17,18
860,860,42944001,22,13
861,861,42945001,20,19
862,862,42946001,27,14
863,863,42947001,30,12
864,864,42948001,21,25
865,865,42949001,15,24
866,866,42950001,21,17
867,867,42951001,18,22
868,868,42952001,17,35
869,869,42953001,18,28
870,870,42954001,9,33
871,871,42955001,21,28
872,872,42956001,26,21
873,873,42957001,15,26
874,874,42958001,16,28
875,875,42959001,23,13
876,876,42960001,19,21
877,877,42961001,18,31
878,878,42962001,16,27
879,879,42963001,24,22
880,880,42964001,20,14
881,881,42965001,26,23
882,882,42966001,25,14
883,883,42967001,18,36
884,884,42968001,21,19
885,885,42969001,21,17
886,886,42970001,22,18
887,887,42971001,20,16
888,888,42972001,17,23
889,889,42973001,21,21
890,890,42974001,20,26
891,891,42975001,21,15
892,892,42976001,19,18
893,893,42977001,12,26
894,894,42978001,11,38
895,895,42979001,20,23
896,896,42980001,30,12
897,897,42981001,24,21
898,898,42982001,24,23
899,899,42983001,18,23
900,900,42984001,22,24
901,901,42985001,20,21
902,902,42986001,21,12
903,903,42987001,18,21
904,904,42988001,20,30
905,905,42989001,17,21
906,906,42990001,18,29
907,907,42991001,18,27
908,908,42992001,24,25
909,909,42993001,18,20
910,910,42994001,26,16
911,911,42995001,19,18
912,912,42996001,26,18
913,913,42997001,21,27
914,914,42998001,15,18
915,915,42999001,26,21
916,916,43000001,22,19
917,917,43001001,22,11
918,918,43002001,16,29
919,919,43003001,28,14
920,920,43004001,21,22
921,921,43005001,17,24
922,922,43006001,16,26
923,923,43007001,20,25
924,924,43008001,17,22
925,925,43009001,32,11
926,926,43010001,17,21
927,927,43011001,32,6
928,928,43012001,35,6
929,929,43013001,29,10
930,930,43014001,29,9
931,931,43015001,24,13
932,932,43016001,31,12
933,933,43017001,20,19
934,934,43018001,23,13
935,935,43019001,29,4
936,936,43020001,25,6
937,937,43021001,31,6
938,938,43022001,25,9
939,939,43023001,30,14
940,940,43024001,28,7
941,941,43025001,36,6
942,942,43026001,32,5
943,943,43027001,23,9
944,944,43028001,30,7
945,945,43029001,23,13
946,946,43030001,31,9
947,947,43031001,27,11
948,948,43032001,32,11
949,949,43033001,30,11
950,950,43034001,32,5
951,951,43035001,29,15
952,952,43036001,27,7
953,953,43037001,31,3
954,954,43038001,31,5
955,955,43039001,28,6
956,956,43040001,27,11
957,957,43041001,30,15
958,958,43042001,25,8
959,959,43043001,24,18
960,960,43044001,15,42
961,961,43045001,12,23
962,962,43046001,12,33
963,963,43047001,11,28
964,964,43048001,19,24
965,965,43049001,17,28
966,966,43050001,10,33
967,967,43051001,14,26
968,968,43052001,11,36
969,969,43053001,21,34
970,970,43054001,18,22
971,971,43055001,26,13
972,972,43056001,19,16
973,973,43057001,8,34
974,974,43058001,16,28
975,975,43059001,28,13
976,976,43060001,14,25
977,977,43061001,12,30
978,978,43062001,26,17
979,979,43063001,14,25
980,980,43064001,21,10
981,981,43065001,19,27
982,982,43066001,19,26
983,983,43067001,20,27
984,984,43068001,17,27
985,985,43071001,25,22
986,986,43072001,15,20
987,987,43073001,24,24
988,988,43074001,29,17
989,989,43075001,29,13
990,990,43076001,14,30
991,991,43077001,11,24
992,992,43078001,17,17
993,993,43079001,16,28
994,994,43080001,17,21
995,995,43081001,14,25
996,996,43082001,24,25
997,997,43083001,21,21
998,998,43084001,18,30
999,999,43085001,26,23
1000,1000,43086001,23,15
1001,1001,43087001,20,15
1002,1002,43088001,27,18
1003,1003,43089001,15,35
1004,1004,43090001,22,30
1005,1005,43091001,19,22
1006,1006,43092001,16,35
1007,1007,43093001,18,29
1008,1008,43094001,16,20
1009,1009,43095001,21,24
1010,1010,43096001,20,28
1011,1011,43097001,17,28
1012,1012,43098001,22,22
1013,1013,43099001,25,16
1014,1014,43100001,12,29
1015,1015,43101001,15,18
1016,1016,43102001,15,28
1017,1017,43103001,27,16
1018,1018,43104001,12,30
1019,1019,43105001,16,17
1020,1020,43106001,25,10
1021,1021,43107001,20,24
1022,1022,43108001,24,22
1023,1023,43109001,19,15
1024,1024,43110001,25,22
1025,1025,43111001,18,24
1026,1026,43112001,18,22
1027,1027,43113001,12,36
1028,1028,43114001,23,16
1029,1029,43115001,16,24
1030,1030,43116001,15,23
1031,1031,43117001,17,19
1032,1032,43118001,17,23
1033,1033,43119001,21,13
1034,1034,43120001,22,16
1035,1035,43121001,18,26
1036,1036,43122001,18,19
1037,1037,43123001,23,20
1038,1038,43124001,23,21
1039,1039,43125001,28,10
1040,1040,43126001,17,30
1041,1041,43127001,20,25
1042,1042,43128001,22,26
1043,1043,43129001,14,29
1044,1044,43130001,19,20
1045,1045,43131001,21,29
1046,1046,43132001,16,30
1047,1047,43133001,20,25
1048,1048,43134001,20,28
1049,1049,43135001,20,21
1050,1050,43136001,15,18
1051,1051,43137001,20,23
1052,1052,43138001,18,27
1053,1053,43139001,22,14
1054,1054,43140001,12,38
1055,1055,43141001,19,25
1056,1056,43142001,31,13
1057,1057,43143001,19,17
1058,1058,43144001,19,31
1059,1059,43145001,19,16
1060,1060,43146001,20,16
1061,1061,43147001,15,32
1062,1062,43148001,20,16
1063,1063,43149001,18,21
1064,1064,43150001,28,16
1065,1065,43151001,21,18
1066,1066,43152001,15,22
1067,1067,43153001,24,21
1068,1068,43154001,19,35
1069,1069,43155001,12,26
1070,1070,43156001,13,29
1071,1071,43157001,25,22
1072,1072,43158001,25,19
1073,1073,43159001,15,17
1074,1074,43160001,21,23
1075,1075,43161001,24,21
1076,1076,43162001,17,26
1077,1077,43163001,24,14
1078,1078,43164001,9,33
1079,1079,43165001,21,20
1080,1080,43166001,26,16
1081,1081,43167001,22,16
1082,1082,43168001,7,36
1083,1083,43169001,29,12
1084,1084,43170001,21,16
1085,1085,43171001,20,23
1086,1086,43172001,15,38
1087,1087,43173001,13,28
1088,1088,43174001,18,21
1089,1089,43175001,21,16
1090,1090,43176001,21,22
1091,1091,43177001,15,29
1092,1092,43178001,26,3
1093,1093,43179001,15,19
1094,1094,43180001,5,29
1095,1095,43181001,20,31
1096,1096,43182001,22,20
1097,1097,43183001,20,26
1098,1098,43184001,24,25
1099,1099,43185001,16,16
1100,1100,43186001,24,18
1101,1101,43187001,33,5
1102,1102,43188001,24,20
1103,1103,43189001,26,11
1104,1104,43190001,4,34
1105,1105,43191001,16,25
1106,1106,43192001,18,29
1107,1107,43193001,12,40
1108,1108,43194001,16,24
1109,1109,43195001,14,20
1110,1110,43196001,16,17
1111,1111,43197001,18,24
1112,1112,43198001,21,19
1113,1113,43199001,28,17
1114,1114,43200001,21,19
1115,1115,43201001,21,14
1116,1116,43202001,19,12
1117,1117,43203001,11,34
1118,1118,43204001,12,24
1119,1119,43205001,19,14
1120,1120,43206001,24,25
1121,1121,43207001,18,32
1122,1122,43208001,22,22
1123,1123,43209001,28,14
1124,1124,43210001,34,6
1125,1125,43211001,29,7
1126,1126,43212001,33,9
1127,1127,43213001,33,10
1128,1128,43214001,29,9
1129,1129,43215001,31,6
1130,1130,43216001,28,3
1131,1131,43217001,26,7
1132,1132,43218001,27,9
1133,1133,43219001,17,32
1134,1134,43220001,17,31
1135,1135,43221001,19,24
1136,1136,43222001,23,27
1137,1137,43223001,19,19
1138,1138,43224001,16,18
1139,1139,43225001,18,24
1140,1140,43226001,25,25
1141,1141,43227001,27,14
1142,1142,43228001,12,33
1143,1143,43229001,10,26
1144,1144,43230001,24,20
1145,1145,43231001,12,26
1146,1146,43232001,31,8
1147,1147,43233001,17,22
1148,1148,43234001,20,26
1149,1149,43235001,17,21
1150,1150,43236001,20,31
1151,1151,43237001,24,19
1152,1152,43238001,24,15
1153,1153,43239001,22,29
1154,1154,43240001,17,19
1155,1155,43241001,18,19
1156,1156,43242001,15,24
1157,1157,43243001,18,25
1158,1158,43244001,15,19
1159,1159,43245001,10,30
1160,1160,43246001,17,28
1161,1161,43247001,22,29
1162,1162,43248001,25,17
1163,1163,43249001,18,29
1164,1164,43250001,11,29
1165,1165,43251001,26,12
1166,1166,43252001,23,12
1167,1167,43253001,31,7
1168,1168,43254001,33,5
1169,1169,43255001,32,8
1170,1170,43256001,32,6
1171,1171,43257001,22,14
1172,1172,43258001,21,12
1173,1173,43259001,36,5
1174,1174,43260001,26,10
1175,1175,43261001,32,11
1176,1176,43262001,29,7
1177,1177,43263001,29,7
1178,1178,43264001,24,12
1179,1179,43265001,24,16
1180,1180,43266001,28,13
1181,1181,43267001,32,11
1182,1182,43268001,26,5
1183,1183,43269001,22,9
1184,1184,43270001,34,6
1185,1185,43271001,33,7
1186,1186,43272001,34,10
1187,1187,43273001,29,18
1188,1188,43274001,29,10
1189,1189,43275001,25,7
1190,1190,43276001,29,15
1191,1191,43277001,21,17
1192,1192,43278001,25,11
1193,1193,43279001,32,16
1194,1194,43280001,26,16
1195,1195,43281001,32,6
1196,1196,43282001,31,10
1197,1197,43283001,25,11
1198,1198,43284001,27,12
1199,1199,43285001,23,10
1200,1200,43286001,36,3
1201,1201,43287001,26,12
1202,1202,43288001,28,7
1203,1203,43289001,32,5
1204,1204,43290001,32,7
1205,1205,43291001,23,11
1206,1206,43292001,21,17
1207,1207,43293001,38,1
1208,1208,43294001,27,11
1209,1209,43295001,26,13
1210,1210,43296001,24,17
1211,1211,43297001,28,14
1212,1212,43298001,33,7
1213,1213,43299001,32,11
1214,1214,43300001,29,16
1215,1215,43301001,31,13
1216,1216,43302001,29,14
1217,1217,43303001,29,8
1218,1218,43304001,32,9
1219,1219,43305001,25,15
1220,1220,43306001,29,13
1221,1221,43307001,27,21
1222,1222,43308001,26,14
1223,1223,43309001,28,16
1224,1224,43310001,34,7
1225,1225,43311001,31,11
1226,1226,43312001,28,12
1227,1227,43313001,33,11
1228,1228,43314001,37,1
1229,1229,43315001,32,4
1230,1230,43316001,28,4
1231,1231,43317001,25,6
1232,1232,43318001,30,2
1233,1233,43319001,34,6
1234,1234,43320001,28,8
1235,1235,43321001,24,12
1236,1236,43322001,26,5
1237,1237,43323001,30,15
1238,1238,43324001,26,8
1239,1239,43325001,26,11
1240,1240,43326001,25,13
1241,1241,43327001,22,15
1242,1242,43328001,27,9
1243,1243,43329001,33,10
1244,1244,43330001,23,10
1245,1245,43331001,32,9
1246,1246,43332001,26,10
1247,1247,43333001,25,11
1248,1248,43334001,32,13
1249,1249,43335001,23,9
1250,1250,43336001,26,9
1251,1251,43337001,29,4
1252,1252,43338001,30,11
1253,1253,43339001,29,6
1254,1254,43340001,35,5
1255,1255,43341001,27,9
1256,1256,43342001,27,10
1257,1257,43343001,28,9
1258,1258,43344001,31,11
1259,1259,43345001,30,9
1260,1260,43346001,37,5
1261,1261,43347001,23,13
1262,1262,43348001,37,5
1263,1263,43349001,30,10
1264,1264,43350001,35,6
1265,1265,43351001,30,13
1266,1266,43352001,34,6
1267,1267,43353001,27,10
1268,1268,43354001,19,16
1269,1269,43355001,26,12
1270,1270,43356001,24,8
1271,1271,43357001,23,12
1272,1272,43358001,29,10
1273,1273,43359001,25,8
1274,1274,43360001,29,9
1275,1275,43361001,32,13
1276,1276,43362001,29,15
1277,1277,43363001,30,11
1278,1278,43364001,28,15
1279,1279,43365001,31,3
1280,1280,43366001,32,8
1281,1281,43367001,24,9
1282,1282,43368001,25,10
1283,1283,43369001,31,9
1284,1284,43370001,27,14
1285,1285,43371001,23,16
1286,1286,43372001,33,8
1287,1287,43373001,28,8
1288,1288,43374001,27,11
1289,1289,43375001,26,13
1290,1290,43376001,23,16
1291,1291,43377001,34,7
1292,1292,43378001,20,16
1293,1293,43379001,25,16
1294,1294,43380001,27,8
1295,1295,43381001,23,10
1296,1296,43382001,11,30
1297,1297,43383001,17,31
1298,1298,43384001,12,31
1299,1299,43385001,17,29
1300,1300,43386001,23,21
1301,1301,43387001,12,34
1302,1302,43388001,19,24
1303,1303,43389001,17,23
1304,1304,43390001,14,22
1305,1305,43391001,19,24
1306,1306,43392001,18,26
1307,1307,43393001,14,32
1308,1308,43394001,24,14
1309,1309,43395001,12,38
1310,1310,43396001,16,24
1311,1311,43397001,7,32
1312,1312,43398001,17,30
1313,1313,43399001,17,21
1314,1314,43400001,13,25
1315,1315,43401001,23,26
1316,1316,43402001,13,36
1317,1317,43403001,13,33
1318,1318,43404001,6,39
1319,1319,43405001,11,37
1320,1320,43406001,17,28
1321,1321,43407001,17,23
1322,1322,43408001,18,20
1323,1323,43409001,17,29
1324,1324,43410001,22,26
1325,1325,43411001,28,15
1326,1326,43412001,20,19
1327,1327,43413001,15,24
1328,1328,43414001,24,20
1329,1329,43415001,23,16
1330,1330,43416001,22,23
1331,1331,43417001,18,29
1332,1332,43418001,18,24
1333,1333,43419001,17,28
1334,1334,43420001,22,18
1335,1335,43421001,16,25
1336,1336,43422001,20,22
1337,1337,43423001,18,21
1338,1338,43424001,14,32
1339,1339,43425001,18,24
1340,1340,43426001,17,20
1341,1341,43427001,23,20
1342,1342,43428001,22,27
1343,1343,43429001,18,13
1344,1344,43430001,2,36
1345,1345,43431001,18,22
1346,1346,43432001,15,26
1347,1347,43433001,17,25
1348,1348,43434001,22,21
1349,1349,43435001,20,23
1350,1350,43436001,20,24
1351,1351,43437001,20,19
1352,1352,43438001,19,30
1353,1353,43439001,24,16
1354,1354,43440001,19,18
1355,1355,43441001,25,22
1356,1356,43442001,24,11
1357,1357,43443001,22,22
1358,1358,43444001,21,29
1359,1359,43445001,13,29
1360,1360,43446001,13,26
1361,1361,43447001,13,28
1362,1362,43448001,24,20
1363,1363,43449001,15,26
1364,1364,43450001,7,33
1365,1365,43451001,19,34
1366,1366,43452001,24,26
1367,1367,43453001,24,13
1368,1368,43454001,16,29
1369,1369,43455001,25,12
1370,1370,43456001,20,21
1371,1371,43457001,23,9
1372,1372,43458001,24,27
1373,1373,43459001,23,16
1374,1374,43460001,23,25
1375,1375,43461001,29,9
1376,1376,43462001,21,23
1377,1377,43463001,21,22
1378,1378,43464001,29,10
1379,1379,43465001,19,22
1380,1380,43466001,20,24
1381,1381,43467001,20,28
1382,1382,43468001,26,13
1383,1383,43469001,20,22
1384,1384,43470001,21,22
1385,1385,43471001,18,23
1386,1386,43472001,14,25
1387,1387,43473001,15,30
1388,1388,43474001,9,25
1389,1389,43475001,23,20
1390,1390,43476001,14,23
1391,1391,43477001,18,24
1392,1392,43478001,17,29
1393,1393,43479001,19,26
1394,1394,43480001,30,9
1395,1395,43481001,19,16
1396,1396,43482001,18,18
1397,1397,43483001,27,14
1398,1398,43484001,19,14
1399,1399,43485001,16,28
1400,1400,43486001,16,18
1401,1401,43487001,20,13
1402,1402,43488001,20,18
1403,1403,43489001,25,21
1404,1404,43490001,13,30
1405,1405,43491001,17,26
1406,1406,43492001,29,19
1407,1407,43493001,16,22
1408,1408,43494001,19,27
1409,1409,43495001,23,18
1410,1410,43496001,20,21
1411,1411,43497001,25,24
1412,1412,43498001,23,19
1413,1413,43499001,9,37
1414,1414,43500001,22,20
1415,1415,43501001,24,19
1416,1416,43502001,29,18
1417,1417,43503001,21,18
1418,1418,43504001,26,17
1419,1419,43505001,24,17
1420,1420,43506001,11,38
1421,1421,43507001,22,12
1422,1422,43508001,25,23
1423,1423,43509001,24,23
1424,1424,43510001,16,34
1425,1425,43511001,25,15
1426,1426,43512001,15,21
1427,1427,43513001,15,38
1428,1428,43514001,22,30
1429,1429,43515001,18,22
1430,1430,43516001,27,17
1431,1431,43517001,27,17
1432,1432,43518001,18,20
1433,1433,43519001,23,11
1434,1434,43520001,22,21
1435,1435,43521001,10,31
1436,1436,43522001,19,35
1437,1437,43523001,25,13
1438,1438,43524001,25,22
1439,1439,43525001,16,25
1440,1440,43526001,1,41
1441,1441,43527001,-7,62
1442,1442,43528001,-2,66
1443,1443,43529001,5,56
1444,1444,43530001,17,25
1445,1445,43531001,19,20
1446,1446,43532001,24,21
1447,1447,43533001,11,25
1448,1448,43534001,22,22
1449,1449,43535001,25,21
1450,1450,43536001,22,26
1451,1451,43537001,15,22
1452,1452,43538001,15,20
1453,1453,43539001,20,20
1454,1454,43540001,16,24
1455,1455,43541001,22,18
1456,1456,43542001,25,22
1457,1457,43543001,29,7
1458,1458,43544001,11,23
1459,1459,43545001,15,18
1460,1460,43546001,19,32
1461,1461,43547001,20,23
1462,1462,43548001,20,29
1463,1463,43549001,17,32
1464,1464,43550001,24,15
1465,1465,43551001,16,19
1466,1466,43552001,25,23
1467,1467,43553001,7,37
1468,1468,43554001,18,25
1469,1469,43555001,26,18
1470,1470,43556001,21,26
1471,1471,43557001,22,13
1472,1472,43558001,17,24
1473,1473,43559001,16,21
1474,1474,43560001,15,42
1475,1475,43561001,10,35
1476,1476,43562001,16,20
1477,1477,43563001,13,25
1478,1478,43564001,28,14
1479,1479,43565001,23,24
1480,1480,43566001,25,21
1481,1481,43567001,25,11
1482,1482,43568001,11,25
1483,1483,43569001,18,27
1484,1484,43570001,15,29
1485,1485,43571001,23,16
1486,1486,43572001,23,14
1487,1487,43573001,17,24
1488,1488,43574001,25,22
1489,1489,43575001,16,19
1490,1490,43576001,16,27
1491,1491,43577001,21,22
1492,1492,43578001,18,14
1493,1493,43579001,9,40
1494,1494,43580001,17,20
1495,1495,43581001,18,28
1496,1496,43582001,14,30
1497,1497,43583001,16,36
1498,1498,43584001,17,27
1499,1499,43585001,21,23
1500,1500,43586001,11,28
1501,1501,43587001,11,40
1502,1502,43588001,21,17
1503,1503,43589001,22,6
1504,1504,43590001,14,28
1505,1505,43591001,18,26
1506,1506,43592001,31,11
1507,1507,43593001,20,25
1508,1508,43594001,22,22
1509,1509,43595001,25,16
1510,1510,43596001,25,25
1511,1511,43597001,22,9
1512,1512,43598001,25,15
1513,1513,43599001,20,15
1514,1514,43600001,22,17
1515,1515,43601001,24,14
1516,1516,43602001,21,17
1517,1517,43603001,7,41
1518,1518,43604001,22,20
1519,1519,43605001,14,18
1520,1520,43606001,18,24
1521,1521,43607001,18,23
1522,1522,43608001,16,18
1523,1523,43609001,20,19
1524,1524,43610001,20,23
1525,1525,43611001,19,28
1526,1526,43612001,22,20
1527,1527,43613001,8,40
1528,1528,43614001,11,31
1529,1529,43615001,20,29
1530,1530,43616001,12,32
1531,1531,43617001,21,23
1532,1532,43618001,22,21
1533,1533,43619001,24,16
1534,1534,43620001,24,19
1535,1535,43621001,19,14
1536,1536,43622001,20,24
1537,1537,43623001,29,12
1538,1538,43624001,18,20
1539,1539,43625001,20,16
1540,1540,43626001,14,30
1541,1541,43627001,13,26
1542,1542,43628001,26,11
1543,1543,43629001,27,13
1544,1544,43630001,25,23
1545,1545,43631001,8,35
1546,1546,43632001,13,26
1547,1547,43633001,22,23
1548,1548,43634001,16,32
1549,1549,43635001,26,12
1550,1550,43636001,17,29
1551,1551,43637001,19,28
1552,1552,43638001,16,43
1553,1553,43639001,15,32
1554,1554,43640001,23,15
1555,1555,43641001,17,30
1556,1556,43642001,24,13
1557,1557,43643001,20,20
1558,1558,43644001,17,23
1559,1559,43645001,11,29
1560,1560,43646001,23,25
1561,1561,43647001,11,30
1562,1562,43648001,17,21
1563,1563,43649001,25,21
1564,1564,43650001,23,22
1565,1565,43651001,18,25
1566,1566,43652001,20,26
1567,1567,43653001,18,28
1568,1568,43654001,29,20
1569,1569,43655001,19,15
1570,1570,43656001,25,21
1571,1571,43657001,16,24
1572,1572,43658001,19,30
1573,1573,43659001,22,10
1574,1574,43660001,12,28
1575,1575,43661001,19,16
1576,1576,43662001,30,10
1577,1577,43663001,19,28
1578,1578,43664001,23,20
1579,1579,43665001,13,41
1580,1580,43666001,14,21
1581,1581,43667001,19,25
1582,1582,43668001,22,13
1583,1583,43669001,20,16
1584,1584,43670001,14,21
1585,1585,43671001,20,22
1586,1586,43672001,26,15
1587,1587,43673001,14,26
1588,1588,43674001,18,17
1589,1589,43675001,22,21
1590,1590,43676001,22,20
1591,1591,43677001,8,32
1592,1592,43678001,24,17
1593,1593,43679001,16,25
1594,1594,43680001,18,27
1595,1595,43681001,16,34
1596,1596,43682001,14,31
1597,1597,43683001,26,17
1598,1598,43684001,9,39
1599,1599,43685001,16,35
1600,1600,43686001,26,22
1601,1601,43687001,7,35
1602,1602,43688001,9,31
1603,1603,43689001,13,26
1604,1604,43690001,13,28
1605,1605,43691001,18,31
1606,1606,43692001,21,19
1607,1607,43693001,15,29
1608,1608,43694001,16,29
1609,1609,43695001,29,15
1610,1610,43696001,20,21
1611,1611,43697001,26,13
1612,1612,43698001,18,25
1613,1613,43699001,20,16
1614,1614,43700001,21,18
1615,1615,43701001,16,37
1616,1616,43702001,10,31
1617,1617,43703001,28,12
1618,1618,43704001,18,21
1619,1619,43705001,14,23
1620,1620,43706001,15,25
1621,1621,43707001,25,14
1622,1622,43708001,12,31
1623,1623,43709001,27,14
1624,1624,43710001,21,21
1625,1625,43711001,18,18
1626,1626,43712001,22,25
1627,1627,43713001,14,28
1628,1628,43714001,12,23
1629,1629,43715001,28,19
1630,1630,43716001,24,17
1631,1631,43717001,17,31
1632,1632,43718001,17,26
1633,1633,43719001,20,24
1634,1634,43720001,17,20
1635,1635,43721001,24,20
1636,1636,43722001,16,30
1637,1637,43723001,18,28
1638,1638,43724001,25,18
1639,1639,43725001,20,17
1640,1640,43726001,18,22
1641,1641,43727001,21,11
1642,1642,43728001,21,20
1643,1643,43729001,23,21
1644,1644,43730001,16,21
1645,1645,43731001,28,16
1646,1646,43732001,19,21
1647,1647,43733001,24,18
1648,1648,43734001,22,22
1649,1649,43735001,14,26
1650,1650,43736001,25,21
1651,1651,43737001,14,37
1652,1652,43738001,22,23
1653,1653,43739001,22,21
1654,1654,43740001,12,33
1655,1655,43741001,15,35
1656,1656,43742001,21,19
1657,1657,43743001,14,25
1658,1658,43744001,26,26
1659,1659,43745001,18,23
1660,1660,43746001,23,19
1661,1661,43747001,12,31
1662,1662,43748001,18,29
1663,1663,43749001,24,17
1664,1664,43750001,21,20
1665,1665,43751001,24,18
1666,1666,43752001,13,25
1667,1667,43753001,24,18
1668,1668,43754001,23,24
1669,1669,43755001,10,30
1670,1670,43756001,19,28
1671,1671,43757001,29,15
1672,1672,43758001,8,28
1673,1673,43759001,23,21
1674,1674,43760001,12,30
1675,1675,43761001,10,22
1676,1676,43762001,7,35
1677,1677,43763001,22,27
1678,1678,43764001,24,14
1679,1679,43765001,17,21
1680,1680,43766001,19,18
1681,1681,43767001,25,14
1682,1682,43768001,18,18
1683,1683,43769001,18,24
1684,1684,43770001,17,32
1685,1685,43771001,19,21
1686,1686,43772001,21,15
1687,1687,43773001,15,27
1688,1688,43774001,23,23
1689,1689,43775001,15,33
1690,1690,43776001,19,35
1691,1691,43777001,25,7
1692,1692,43778001,15,25
1693,1693,43779001,29,15
1694,1694,43780001,23,23
1695,1695,43781001,27,16
1696,1696,43782001,18,23
1697,1697,43783001,23,22
1698,1698,43784001,13,26
1699,1699,43785001,7,41
1700,1700,43786001,16,20
1701,1701,43787001,22,29
1702,1702,43788001,26,8
1703,1703,43789001,16,17
1704,1704,43790001,22,17
1705,1705,43791001,10,31
1706,1706,43792001,24,15
1707,1707,43793001,23,24
1708,1708,43794001,18,29
1709,1709,43795001,20,17
1710,1710,43796001,18,18
1711,1711,43797001,29,5
1712,1712,43798001,19,22
1713,1713,43799001,19,20
1714,1714,43800001,24,27
1715,1715,43801001,18,18
1716,1716,43802001,13,37
1717,1717,43803001,25,11
1718,1718,43804001,8,41
1719,1719,43805001,15,30
1720,1720,43806001,17,20
1721,1721,43807001,21,18
1722,1722,43808001,29,19
1723,1723,43809001,17,23
1724,1724,43810001,26,25
1725,1725,43811001,12,21
1726,1726,43812001,24,17
1727,1727,43813001,19,20
1728,1728,43814001,18,27
1729,1729,43815001,17,29
1730,1730,43816001,19,27
1731,1731,43817001,22,13
1732,1732,43818001,14,30
1733,1733,43819001,22,12
1734,1734,43820001,26,18
1735,1735,43821001,20,25
1736,1736,43822001,32,11
1737,1737,43823001,12,31
1738,1738,43824001,12,33
1739,1739,43825001,17,27
1740,1740,43826001,20,18
1741,1741,43827001,27,24
1742,1742,43828001,14,25
1743,1743,43829001,22,23
1744,1744,43830001,17,17
1745,1745,43831001,27,11
1746,1746,43832001,16,29
1747,1747,43833001,17,26
1748,1748,43834001,21,28
1749,1749,43835001,24,22
1750,1750,43836001,11,38
1751,1751,43837001,7,37
1752,1752,43838001,19,28
1753,1753,43839001,19,25
1754,1754,43840001,17,20
1755,1755,43841001,29,13
1756,1756,43842001,24,23
1757,1757,43843001,16,22
1758,1758,43844001,9,27
1759,1759,43845001,26,21
1760,1760,43846001,21,13
1761,1761,43847001,19,35
1762,1762,43848001,18,26
1763,1763,43849001,18,17
1764,1764,43850001,13,22
1765,1765,43851001,14,28
1766,1766,43852001,26,16
1767,1767,43853001,31,8
1768,1768,43854001,17,22
1769,1769,43855001,24,23
1770,1770,43856001,24,18
1771,1771,43857001,18,24
1772,1772,43858001,21,25
1773,1773,43859001,19,17
1774,1774,43860001,14,24
1775,1775,43861001,17,22
1776,1776,43862001,15,26
1777,1777,43863001,28,21
1778,1778,43864001,18,34
1779,1779,43865001,19,16
1780,1780,43866001,28,17
1781,1781,43867001,15,26
1782,1782,43868001,19,25
1783,1783,43869001,23,23
1784,1784,43870001,14,28
1785,1785,43871001,21,22
1786,1786,43872001,20,24
1787,1787,43873001,17,32
1788,1788,43874001,20,21
1789,1789,43875001,10,30
1790,1790,43876001,21,14
1791,1791,43877001,20,26
1792,1792,43878001,26,13
1793,1793,43879001,23,17
1794,1794,43880001,17,31
1795,1795,43881001,19,23
1796,1796,43882001,18,23
1797,1797,43883001,26,11
1798,1798,43884001,22,21
1799,1799,43885001,19,24
1800,1800,43886001,11,34
1801,1801,43887001,13,28
1802,1802,43888001,18,20
1803,1803,43889001,20,12
1804,1804,43890001,18,21
1805,1805,43891001,23,23
1806,1806,43892001,24,23
1807,1807,43893001,18,16
1808,1808,43894001,13,29
1809,1809,43895001,20,23
1810,1810,43896001,12,24
1811,1811,43897001,24,19
1812,1812,43898001,20,28
1813,1813,43899001,16,27
1814,1814,43900001,20,24
1815,1815,43901001,18,19
1816,1816,43902001,11,25
1817,1817,43903001,20,23
1818,1818,43904001,19,20
1819,1819,43905001,23,28
1820,1820,43906001,21,23
1821,1821,43907001,27,22
1822,1822,43908001,22,25
1823,1823,43909001,21,28
1824,1824,43910001,17,27
1825,1825,43911001,13,18
1826,1826,43912001,30,12
1827,1827,43913001,14,22
1828,1828,43914001,22,22
1829,1829,43915001,21,21
1830,1830,43916001,17,21
1831,1831,43917001,20,20
1832,1832,43918001,19,17
1833,1833,43919001,14,26
1834,1834,43920001,20,21
1835,1835,43921001,23,14
1836,1836,43922001,17,25
1837,1837,43923001,12,37
1838,1838,43924001,24,19
1839,1839,43925001,17,21
1840,1840,43926001,20,30
1841,1841,43927001,9,34
1842,1842,43928001,27,21
1843,1843,43929001,17,27
1844,1844,43930001,28,14
1845,1845,43931001,22,16
1846,1846,43932001,23,18
1847,1847,43933001,19,18
1848,1848,43934001,23,16
1849,1849,43935001,26,15
1850,1850,43936001,18,15
1851,1851,43937001,23,27
1852,1852,43938001,11,27
1853,1853,43939001,23,18
1854,1854,43940001,24,19
1855,1855,43941001,21,35
1856,1856,43942001,20,23
1857,1857,43943001,27,19
1858,1858,43944001,22,18
1859,1859,43945001,13,26
1860,1860,43946001,23,19
1861,1861,43947001,23,15
1862,1862,43948001,17,16
1863,1863,43949001,22,29
1864,1864,43950001,21,27
1865,1865,43951001,16,33
1866,1866,43952001,16,15
1867,1867,43953001,18,14
1868,1868,43954001,20,19
1869,1869,43955001,22,23
1870,1870,43956001,21,27
1871,1871,43957001,22,23
1872,1872,43958001,21,26
1873,1873,43959001,27,17
1874,1874,43960001,14,26
1875,1875,43961001,23,23
1876,1876,43962001,23,13
1877,1877,43963001,14,36
1878,1878,43964001,26,23
1879,1879,43965001,18,27
1880,1880,43966001,23,16
1881,1881,43967001,28,18
1882,1882,43968001,12,26
1883,1883,43969001,25,14
1884,1884,43970001,19,18
1885,1885,43971001,26,13
1886,1886,43972001,26,20
1887,1887,43973001,11,33
1888,1888,43974001,19,26
1889,1889,43975001,17,31
1890,1890,43976001,16,31
1891,1891,43977001,13,30
1892,1892,43978001,22,24
1893,1893,43979001,20,18
1894,1894,43980001,25,15
1895,1895,43981001,22,21
1896,1896,43982001,18,23
1897,1897,43983001,23,21
1898,1898,43984001,30,8
1899,1899,43985001,12,32
1900,1900,43986001,10,31
1901,1901,43987001,26,17
1902,1902,43988001,14,17
1903,1903,43989001,13,26
1904,1904,43990001,25,28
1905,1905,43991001,11,41
1906,1906,43992001,19,13
1907,1907,43993001,22,24
1908,1908,43994001,20,27
1909,1909,43995001,18,23
1910,1910,43996001,18,21
1911,1911,43997001,24,21
1912,1912,43998001,17,17
1913,1913,43999001,22,17
1914,1914,44000001,22,25
1915,1915,44001001,22,22
1916,1916,44002001,13,25
1917,1917,44003001,24,20
1918,1918,44004001,13,28
1919,1919,44005001,27,19
1920,1920,44006001,20,19
1921,1921,44007001,21,17
1922,1922,44008001,27,18
1923,1923,44009001,14,27
1924,1924,44010001,10,24
1925,1925,44011001,25,17
1926,1926,44012001,10,44
1927,1927,44013001,10,38
1928,1928,44014001,21,21
1929,1929,44015001,37,6
1930,1930,44016001,31,10
1931,1931,44017001,27,8
1932,1932,44018001,25,11
1933,1933,44019001,26,5
1934,1934,44020001,34,4
1935,1935,44021001,27,7
1936,1936,44022001,31,16
1937,1937,44023001,23,11
1938,1938,44024001,28,5
1939,1939,44025001,22,12
1940,1940,44026001,36,4
1941,1941,44027001,34,11
1942,1942,44028001,24,13
1943,1943,44029001,33,5
1944,1944,44030001,20,16
1945,1945,44031001,27,5
1946,1946,44032001,30,11
1947,1947,44033001,31,9
1948,1948,44034001,25,10
1949,1949,44035001,37,1
1950,1950,44036001,28,9
1951,1951,44037001,36,6
1952,1952,44038001,28,5
1953,1953,44039001,24,21
1954,1954,44040001,36,5
1955,1955,44041001,30,9
1956,1956,44042001,27,6
1957,1957,44043001,35,7
1958,1958,44044001,28,9
1959,1959,44045001,31,14
1960,1960,44046001,31,6
1961,1961,44047001,21,28
1962,1962,44048001,29,17
1963,1963,44049001,29,12
1964,1964,44050001,18,28
1965,1965,44051001,24,22
1966,1966,44052001,29,21
1967,1967,44053001,5,43
1968,1968,44054001,11,32
1969,1969,44055001,24,13
1970,1970,44056001,23,11
1971,1971,44057001,19,24
1972,1972,44058001,26,15
1973,1973,44059001,23,22
1974,1974,44060001,19,23
1975,1975,44061001,27,11
1976,1976,44062001,20,23
1977,1977,44063001,26,23
1978,1978,44064001,20,19
1979,1979,44065001,25,10
1980,1980,44066001,21,18
1981,1981,44067001,22,27
1982,1982,44068001,16,29
1983,1983,44069001,18,23
1984,1984,44070001,14,26
1985,1985,44071001,16,35
1986,1986,44072001,20,24
1987,1987,44073001,19,13
1988,1988,44074001,10,28
1989,1989,44075001,28,13
1990,1990,44076001,26,10
1991,1991,44077001,17,26
1992,1992,44078001,18,21
1993,1993,44079001,25,15
1994,1994,44080001,21,28
1995,1995,44081001,17,28
1996,1996,44082001,17,21
1997,1997,44083001,23,18
1998,1998,44084001,26,20
1999,1999,44085001,20,23
2000,2000,44086001,18,19
2001,2001,44087001,30,17
2002,2002,44088001,19,24
2003,2003,44089001,27,18
2004,2004,44090001,25,12
2005,2005,44091001,21,23
2006,2006,44092001,23,22
2007,2007,44093001,16,24
2008,2008,44094001,24,18
2009,2009,44095001,18,21
2010,2010,44096001,21,24
2011,2011,44097001,17,17
2012,2012,44098001,19,27
2013,2013,44099001,18,26
2014,2014,44100001,18,13
2015,2015,44101001,25,17
2016,2016,44102001,16,27
2017,2017,44103001,22,21
2018,2018,44104001,17,24
2019,2019,44105001,20,24
2020,2020,44106001,17,29
2021,2021,44107001,11,21
2022,2022,44108001,23,26
2023,2023,44109001,21,21
2024,2024,44110001,20,28
2025,2025,44111001,19,31
2026,2026,44112001,25,28
2027,2027,44113001,16,22
2028,2028,44114001,20,22
2029,2029,44115001,22,10
2030,2030,44116001,25,27
2031,2031,44117001,18,21
2032,2032,44118001,22,22
2033,2033,44119001,15,25
2034,2034,44120001,17,20
2035,2035,44121001,20,14
2036,2036,44122001,-13,74
2037,2037,44123001,1,55
2038,2038,44124001,-11,77
2039,2039,44125001,4,55
2040,2040,44126001,16,28
2041,2041,44127001,19,23
2042,2042,44128001,17,28
2043,2043,44129001,10,51
2044,2044,44130001,17,29
2045,2045,44131001,14,34
2046,2046,44132001,19,27
2047,2047,44133001,20,27
2048,2048,44134001,23,25
2049,2049,44135001,13,28
2050,2050,44136001,26,15
2051,2051,44137001,20,12
2052,2052,44138001,31,11
2053,2053,44139001,19,24
2054,2054,44140001,24,22
2055,2055,44141001,10,42
2056,2056,44142001,26,19
2057,2057,44143001,18,22
2058,2058,44144001,16,31
2059,2059,44145001,10,44
2060,2060,44146001,25,15
2061,2061,44147001,16,15
2062,2062,44148001,19,29
2063,2063,44149001,16,33
2064,2064,44150001,12,27
2065,2065,44151001,19,26
2066,2066,44152001,11,38
2067,2067,44153001,28,18
2068,2068,44154001,21,15
2069,2069,44155001,19,22
2070,2070,44156001,25,17
2071,2071,44157001,19,22
2072,2072,44158001,10,32
2073,2073,44159001,18,16
2074,2074,44160001,19,13
