,Unnamed: 0,SKU,InStock,NumberOrdered
0,0,42081001,19,32
1,1,42082001,24,21
2,2,42083001,21,27
3,3,42084001,19,27
4,4,42085001,22,22
5,5,42086001,24,14
6,6,42087001,23,16
7,7,42088001,23,19
8,8,42089001,19,17
9,9,42090001,26,18
10,10,42091001,13,29
11,11,42092001,24,19
12,12,42093001,13,29
13,13,42094001,27,17
14,14,42095001,13,25
15,15,42096001,20,27
16,16,42097001,20,24
17,17,42098001,19,20
18,18,42099001,25,30
19,19,42100001,14,18
20,20,42101001,21,30
21,21,42102001,20,15
22,22,42103001,15,36
23,23,42104001,17,22
24,24,42105001,23,21
25,25,42106001,24,19
26,26,42107001,14,21
27,27,42108001,19,22
28,28,42109001,14,27
29,29,42110001,13,28
30,30,42111001,17,24
31,31,42112001,25,17
32,32,42113001,27,13
33,33,42114001,20,25
34,34,42115001,15,25
35,35,42116001,21,29
36,36,42117001,10,26
37,37,42118001,18,17
38,38,42119001,18,25
39,39,42120001,27,13
40,40,42121001,24,22
41,41,42122001,22,14
42,42,42123001,23,26
43,43,42124001,18,23
44,44,42125001,18,12
45,45,42126001,18,27
46,46,42127001,20,19
47,47,42128001,29,17
48,48,42129001,19,26
49,49,42130001,23,26
50,50,42131001,22,20
51,51,42132001,22,27
52,52,42133001,20,14
53,53,42134001,21,19
54,54,42135001,22,24
55,55,42136001,21,21
56,56,42137001,24,23
57,57,42138001,18,18
58,58,42139001,25,16
59,59,42140001,21,29
60,60,42141001,16,28
61,61,42142001,22,23
62,62,42143001,24,20
63,63,42144001,26,23
64,64,42145001,25,22
65,65,42146001,12,40
66,66,42147001,20,15
67,67,42148001,11,27
68,68,42149001,26,17
69,69,42150001,29,9
70,70,42151001,32,5
71,71,42152001,31,7
72,72,42153001,27,10
73,73,42154001,33,5
74,74,42155001,33,7
75,75,42156001,9,35
76,76,42157001,17,26
77,77,42158001,16,24
78,78,42159001,22,14
79,79,42160001,26,16
80,80,42161001,24,13
81,81,42162001,19,18
82,82,42163001,15,31
83,83,42164001,21,13
84,84,42165001,23,24
85,85,42166001,27,14
86,86,42167001,23,16
87,87,42168001,18,31
88,88,42169001,10,36
89,89,42170001,16,23
90,90,42171001,8,34
91,91,42172001,22,11
92,92,42173001,21,32
93,93,42174001,22,16
94,94,42175001,14,35
95,95,42176001,21,30
96,96,42177001,13,26
97,97,42178001,17,40
98,98,42179001,21,34
99,99,42180001,13,31
100,100,42181001,14,30
101,101,42182001,15,32
102,102,42183001,13,33
103,103,42184001,18,24
104,104,42185001,14,22
105,105,42186001,16,23
106,106,42187001,17,24
107,107,42188001,20,20
108,108,42189001,25,19
109,109,42190001,2,40
110,110,42191001,17,19
111,111,42192001,20,23
112,112,42193001,19,26
113,113,42194001,20,21
114,114,42195001,21,28
115,115,42196001,19,21
116,116,42197001,26,25
117,117,42198001,16,28
118,118,42199001,18,26
119,119,42200001,20,18
120,120,42201001,12,30
121,121,42202001,19,18
122,122,42203001,12,29
123,123,42204001,21,20
124,124,42205001,25,19
125,125,42206001,18,29
126,126,42207001,20,26
127,127,42208001,21,21
128,128,42209001,28,6
129,129,42210001,13,24
130,130,42211001,22,23
131,131,42212001,17,22
132,132,42213001,25,19
133,133,42214001,14,32
134,134,42215001,15,19
135,135,42216001,19,28
136,136,42217001,17,21
137,137,42218001,21,20
138,138,42219001,19,28
139,139,42220001,23,20
140,140,42221001,24,15
141,141,42222001,14,12
142,142,42223001,27,17
143,143,42224001,20,12
144,144,42225001,11,27
145,145,42226001,18,32
146,146,42227001,21,22
147,147,42228001,20,23
148,148,42229001,18,21
149,149,42230001,27,17
150,150,42231001,27,11
151,151,42232001,20,13
152,152,42233001,18,27
153,153,42234001,16,17
154,154,42235001,16,24
155,155,42236001,11,31
156,156,42237001,15,38
157,157,42238001,23,20
158,158,42239001,15,29
159,159,42240001,16,22
160,160,42241001,26,14
161,161,42242001,22,25
162,162,42243001,26,19
163,163,42244001,26,19
164,164,42245001,9,28
165,165,42246001,23,12
166,166,42247001,24,13
167,167,42248001,17,18
168,168,42249001,22,23
169,169,42250001,20,18
170,170,42251001,25,20
171,171,42252001,22,11
172,172,42253001,14,22
173,173,42254001,19,24
174,174,42255001,22,17
175,175,42256001,15,27
176,176,42257001,24,23
177,177,42258001,26,10
178,178,42259001,18,18
179,179,42260001,14,24
180,180,42261001,20,24
181,181,42262001,16,33
182,182,42263001,22,15
183,183,42264001,15,28
184,184,42265001,23,13
185,185,42266001,6,39
186,186,42267001,4,41
187,187,42268001,22,28
188,188,42269001,2,60
189,189,42270001,16,22
190,190,42271001,15,31
191,191,42272001,22,28
192,192,42273001,11,26
193,193,42274001,19,30
194,194,42275001,22,23
195,195,42276001,19,16
196,196,42277001,19,18
197,197,42278001,17,20
198,198,42279001,18,26
199,199,42280001,25,22
200,200,42281001,20,19
201,201,42282001,23,24
202,202,42283001,22,25
203,203,42284001,22,29
204,204,42285001,13,41
205,205,42286001,16,28
206,206,42287001,8,30
207,207,42288001,29,16
208,208,42289001,15,24
209,209,42290001,21,18
210,210,42291001,23,19
211,211,42292001,20,21
212,212,42293001,29,11
213,213,42294001,15,21
214,214,42295001,10,40
215,215,42296001,16,25
216,216,42297001,23,21
217,217,42298001,27,12
218,218,42299001,20,19
219,219,42300001,23,19
220,220,42301001,25,18
221,221,42302001,19,21
222,222,42303001,6,34
223,223,42304001,16,22
224,224,42305001,21,22
225,225,42306001,22,27
226,226,42307001,21,17
227,227,42308001,23,21
228,228,42309001,16,27
229,229,42310001,12,23
230,230,42311001,-115,230
231,231,42312001,-114,236
232,232,42313001,-125,234
233,233,42314001,-86,182
234,234,42315001,22,20
235,235,42316001,27,14
236,236,42317001,25,11
237,237,42318001,26,16
238,238,42319001,26,17
239,239,42320001,20,19
240,240,42321001,30,18
241,241,42322001,17,25
242,242,42323001,26,19
243,243,42324001,14,30
244,244,42325001,23,19
245,245,42326001,13,31
246,246,42327001,20,30
247,247,42328001,13,33
248,248,42329001,28,14
249,249,42330001,23,20
250,250,42331001,-8,55
251,251,42332001,10,31
252,252,42333001,23,23
253,253,42334001,0,56
254,254,42335001,-7,71
255,255,42336001,18,30
256,256,42337001,18,18
257,257,42338001,18,17
258,258,42339001,19,25
259,259,42340001,24,19
260,260,42341001,19,17
261,261,42342001,11,32
262,262,42343001,24,26
263,263,42344001,26,22
264,264,42345001,31,12
265,265,42346001,18,30
266,266,42347001,22,28
267,267,42348001,8,31
268,268,42349001,6,45
269,269,42350001,0,43
270,270,42351001,20,22
271,271,42352001,17,14
272,272,42353001,19,30
273,273,42354001,21,24
274,274,42355001,-279,440
275,275,42356001,-263,455
276,276,42357001,-272,462
277,277,42358001,-248,426
278,278,42359001,-272,473
279,279,42360001,-268,450
280,280,42361001,21,17
281,281,42362001,20,19
282,282,42363001,18,20
283,283,42364001,27,11
284,284,42365001,26,16
285,285,42366001,20,13
286,286,42367001,14,17
287,287,42368001,19,23
288,288,42369001,7,39
289,289,42370001,12,35
290,290,42371001,17,24
291,291,42372001,23,21
292,292,42373001,14,29
293,293,42374001,21,24
294,294,42375001,24,7
295,295,42376001,22,27
296,296,42377001,22,18
297,297,42378001,8,44
298,298,42379001,28,12
299,299,42380001,26,12
300,300,42381001,15,29
301,301,42382001,13,36
302,302,42383001,19,28
303,303,42384001,16,16
304,304,42385001,19,23
305,305,42386001,23,20
306,306,42387001,22,13
307,307,42388001,17,16
308,308,42389001,22,11
309,309,42390001,20,28
310,310,42391001,20,17
311,311,42392001,21,20
312,312,42393001,11,35
313,313,42394001,23,22
314,314,42395001,18,28
315,315,42396001,8,38
316,316,42397001,17,26
317,317,42398001,16,20
318,318,42399001,22,24
319,319,42400001,17,24
320,320,42401001,25,21
321,321,42402001,18,27
322,322,42403001,9,28
323,323,42404001,24,16
324,324,42405001,15,21
325,325,42406001,20,19
326,326,42407001,16,22
327,327,42408001,11,32
328,328,42409001,20,22
329,329,42410001,24,9
330,330,42411001,20,31
331,331,42412001,19,22
332,332,42413001,17,17
333,333,42414001,26,16
334,334,42415001,21,29
335,335,42416001,19,26
336,336,42417001,25,18
337,337,42418001,15,26
338,338,42419001,21,14
339,339,42420001,26,13
340,340,42421001,19,20
341,341,42422001,29,13
342,342,42423001,12,39
343,343,42424001,12,24
344,344,42425001,12,32
345,345,42426001,25,19
346,346,42427001,21,16
347,347,42428001,10,29
348,348,42429001,16,23
349,349,42430001,17,21
350,350,42431001,23,20
351,351,42432001,18,18
352,352,42433001,30,15
353,353,42434001,23,22
354,354,42435001,19,34
355,355,42436001,29,11
356,356,42437001,25,17
357,357,42438001,24,17
358,358,42439001,17,20
359,359,42440001,9,30
360,360,42441001,16,35
361,361,42442001,19,24
362,362,42443001,6,38
363,363,42444001,14,38
364,364,42445001,22,17
365,365,42446001,18,27
366,366,42447001,26,17
367,367,42448001,18,29
368,368,42449001,15,26
369,369,42450001,8,39
370,370,42451001,23,15
371,371,42452001,16,36
372,372,42453001,26,16
373,373,42454001,23,22
374,374,42455001,22,27
375,375,42456001,18,26
376,376,42457001,23,22
377,377,42458001,22,18
378,378,42459001,24,20
379,379,42460001,23,24
380,380,42461001,23,10
381,381,42462001,20,27
382,382,42463001,14,26
383,383,42464001,11,31
384,384,42465001,21,26
385,385,42466001,13,33
386,386,42467001,18,21
387,387,42468001,9,34
388,388,42469001,17,22
389,389,42470001,16,24
390,390,42471001,21,23
391,391,42472001,27,13
392,392,42473001,27,15
393,393,42474001,12,31
394,394,42475001,23,12
395,395,42476001,20,15
396,396,42477001,24,24
397,397,42478001,24,25
398,398,42479001,20,23
399,399,42480001,17,29
400,400,42481001,18,22
401,401,42482001,21,19
402,402,42483001,21,24
403,403,42484001,19,23
404,404,42485001,18,27
405,405,42486001,19,16
406,406,42487001,20,21
407,407,42488001,16,25
408,408,42489001,13,25
409,409,42490001,26,18
410,410,42491001,17,29
411,411,42492001,21,25
412,412,42493001,19,24
413,413,42494001,21,30
414,414,42495001,31,9
415,415,42496001,23,27
416,416,42497001,23,27
417,417,42498001,25,18
418,418,42499001,23,17
419,419,42500001,23,17
420,420,42501001,24,21
421,421,42502001,17,37
422,422,42503001,17,22
423,423,42504001,16,18
424,424,42505001,28,8
425,425,42506001,16,21
426,426,42507001,20,10
427,427,42508001,23,11
428,428,42509001,24,19
429,429,42510001,19,25
430,430,42511001,32,7
431,431,42512001,21,23
432,432,42513001,25,24
433,433,42514001,20,23
434,434,42515001,20,19
435,435,42516001,17,25
436,436,42517001,17,34
437,437,42518001,18,13
438,438,42519001,27,15
439,439,42520001,-4,64
440,440,42521001,1,54
441,441,42522001,0,60
442,442,42523001,5,46
443,443,42524001,1,66
444,444,42525001,-5,55
445,445,42526001,5,48
446,446,42527001,-6,55
447,447,42528001,10,36
448,448,42529001,0,52
449,449,42530001,17,20
450,450,42531001,18,27
451,451,42532001,24,15
452,452,42533001,18,12
453,453,42534001,22,24
454,454,42535001,8,43
455,455,42536001,24,22
456,456,42537001,18,22
457,457,42538001,21,27
458,458,42539001,16,33
459,459,42540001,15,20
460,460,42541001,28,8
461,461,42542001,14,25
462,462,42543001,16,19
463,463,42544001,22,17
464,464,42545001,20,32
465,465,42546001,26,14
466,466,42547001,18,30
467,467,42548001,14,16
468,468,42549001,22,18
469,469,42550001,23,25
470,470,42551001,14,22
471,471,42552001,19,18
472,472,42553001,11,29
473,473,42554001,21,22
474,474,42555001,29,13
475,475,42556001,21,30
476,476,42557001,27,14
477,477,42558001,16,30
478,478,42559001,27,17
479,479,42560001,26,18
480,480,42561001,22,20
481,481,42562001,0,57
482,482,42563001,-5,50
483,483,42564001,-1,61
484,484,42565001,18,25
485,485,42566001,-3,44
486,486,42567001,-12,70
487,487,42568001,-2,57
488,488,42569001,19,29
489,489,42570001,-8,61
490,490,42571001,-12,72
491,491,42572001,7,37
492,492,42573001,2,57
493,493,42574001,-15,68
494,494,42575001,3,54
495,495,42576001,8,45
496,496,42577001,-5,56
497,497,42578001,20,22
498,498,42579001,20,25
499,499,42580001,5,54
500,500,42581001,5,50
501,501,42582001,-8,54
502,502,42583001,3,53
503,503,42584001,0,46
504,504,42585001,16,30
505,505,42586001,11,33
506,506,42587001,25,24
507,507,42588001,17,27
508,508,42589001,22,15
509,509,42590001,22,20
510,510,42591001,22,17
511,511,42592001,16,25
512,512,42593001,16,26
513,513,42594001,19,30
514,514,42595001,20,9
515,515,42596001,14,24
516,516,42597001,25,12
517,517,42598001,23,15
518,518,42599001,29,9
519,519,42600001,28,14
520,520,42601001,28,6
521,521,42602001,30,5
522,522,42603001,28,12
523,523,42604001,26,13
524,524,42605001,29,7
525,525,42606001,31,14
526,526,42607001,36,5
527,527,42608001,31,10
528,528,42609001,34,6
529,529,42610001,30,7
530,530,42611001,28,4
531,531,42612001,24,8
532,532,42613001,27,6
533,533,42614001,28,10
534,534,42615001,31,8
535,535,42616001,26,12
536,536,42617001,35,9
537,537,42618001,32,3
538,538,42619001,28,5
539,539,42620001,23,16
540,540,42621001,26,2
541,541,42622001,17,25
542,542,42623001,6,35
543,543,42624001,27,15
544,544,42625001,26,18
545,545,42626001,12,27
546,546,42627001,28,18
547,547,42628001,19,28
548,548,42629001,13,28
549,549,42630001,17,20
550,550,42631001,15,21
551,551,42632001,13,27
552,552,42633001,24,9
553,553,42634001,9,31
554,554,42635001,30,11
555,555,42636001,12,30
556,556,42637001,22,22
557,557,42638001,16,17
558,558,42639001,18,26
559,559,42640001,20,21
560,560,42641001,26,15
561,561,42642001,8,44
562,562,42643001,30,13
563,563,42644001,13,35
564,564,42645001,22,20
565,565,42646001,12,26
566,566,42647001,16,24
567,567,42648001,23,16
568,568,42649001,17,21
569,569,42650001,26,23
570,570,42651001,10,23
571,571,42652001,13,34
572,572,42653001,6,50
573,573,42654001,23,23
574,574,42655001,18,20
575,575,42656001,5,40
576,576,42657001,24,14
577,577,42658001,19,15
578,578,42659001,27,15
579,579,42660001,26,18
580,580,42661001,12,29
581,581,42662001,12,36
582,582,42663001,19,18
583,583,42664001,19,20
584,584,42665001,16,20
585,585,42666001,17,30
586,586,42667001,25,18
587,587,42668001,19,27
588,588,42669001,18,19
589,589,42670001,23,22
590,590,42671001,-14,69
591,591,42672001,18,23
592,592,42673001,28,16
593,593,42674001,17,34
594,594,42675001,23,27
595,595,42676001,12,31
596,596,42677001,22,25
597,597,42678001,12,27
598,598,42679001,18,28
599,599,42680001,23,27
600,600,42681001,9,30
601,601,42682001,25,14
602,602,42683001,21,23
603,603,42684001,17,26
604,604,42685001,18,16
605,605,42686001,11,29
606,606,42687001,22,21
607,607,42688001,21,24
608,608,42689001,17,23
609,609,42690001,19,24
610,610,42691001,17,34
611,611,42692001,22,9
612,612,42693001,23,18
613,613,42694001,18,31
614,614,42695001,17,29
615,615,42696001,16,27
616,616,42697001,20,16
617,617,42698001,24,15
618,618,42699001,12,25
619,619,42700001,20,20
620,620,42701001,18,22
621,621,42702001,11,34
622,622,42703001,19,14
623,623,42704001,9,29
624,624,42705001,26,15
625,625,42706001,28,21
626,626,42707001,27,22
627,627,42708001,22,22
628,628,42709001,16,25
629,629,42710001,18,25
630,630,42711001,22,15
631,631,42712001,22,21
632,632,42713001,15,25
633,633,42714001,20,25
634,634,42715001,8,37
635,635,42716001,19,20
636,636,42717001,19,18
637,637,42718001,21,17
638,638,42719001,24,21
639,639,42720001,11,40
640,640,42721001,19,24
641,641,42722001,18,27
642,642,42723001,24,16
643,643,42724001,12,29
644,644,42725001,21,19
645,645,42726001,24,13
646,646,42727001,27,6
647,647,42728001,25,18
648,648,42729001,14,22
649,649,42730001,25,29
650,650,42731001,13,26
651,651,42732001,17,28
652,652,42733001,15,24
653,653,42734001,17,23
654,654,42735001,18,27
655,655,42736001,18,21
656,656,42737001,27,18
657,657,42738001,22,15
658,658,42739001,17,33
659,659,42740001,18,17
660,660,42741001,30,12
661,661,42742001,27,21
662,662,42743001,23,22
663,663,42744001,22,17
664,664,42745001,19,21
665,665,42746001,20,18
666,666,42747001,19,19
667,667,42748001,26,15
668,668,42749001,7,38
669,669,42750001,23,12
670,670,42751001,20,24
671,671,42752001,16,35
672,672,42753001,19,24
673,673,42754001,22,17
674,674,42755001,23,12
675,675,42756001,22,10
676,676,42757001,16,18
677,677,42758001,22,18
678,678,42760001,20,21
679,679,42762001,13,34
680,680,42763001,19,22
681,681,42764001,21,32
682,682,42765001,22,28
683,683,42766001,13,22
684,684,42767001,19,21
685,685,42768001,17,25
686,686,42769001,23,17
687,687,42770001,12,30
688,688,42771001,17,29
689,689,42772001,20,17
690,690,42773001,26,17
691,691,42774001,16,26
692,692,42775001,23,15
693,693,42776001,20,22
694,694,42777001,14,29
695,695,42778001,-3,51
696,696,42779001,26,17
697,697,42780001,17,17
698,698,42781001,15,31
699,699,42782001,19,14
700,700,42783001,28,16
701,701,42784001,15,20
702,702,42785001,29,14
703,703,42786001,32,10
704,704,42787001,31,11
705,705,42788001,24,7
706,706,42789001,28,9
707,707,42790001,33,5
708,708,42791001,21,21
709,709,42792001,22,22
710,710,42793001,14,35
711,711,42794001,19,22
712,712,42795001,24,15
713,713,42796001,24,21
714,714,42797001,29,15
715,715,42798001,21,27
716,716,42799001,19,28
717,717,42800001,19,36
718,718,42801001,23,21
719,719,42802001,20,20
720,720,42803001,30,13
721,721,42804001,17,25
722,722,42805001,21,17
723,723,42806001,17,31
724,724,42807001,27,24
725,725,42808001,20,21
726,726,42809001,24,23
727,727,42810001,29,11
728,728,42811001,16,27
729,729,42812001,23,19
730,730,42813001,23,26
731,731,42814001,24,29
732,732,42815001,23,18
733,733,42816001,18,29
734,734,42817001,26,17
735,735,42818001,23,18
736,736,42819001,18,27
737,737,42820001,20,27
738,738,42821001,13,29
739,739,42822001,17,28
740,740,42823001,26,21
741,741,42824001,33,12
742,742,42825001,19,20
743,743,42826001,29,8
744,744,42827001,21,15
745,745,42828001,16,20
746,746,42829001,17,20
747,747,42830001,11,37
748,748,42831001,28,18
749,749,42832001,19,18
750,750,42833001,8,34
751,751,42834001,18,21
752,752,42835001,12,22
753,753,42836001,23,20
754,754,42837001,22,25
755,755,42838001,24,25
756,756,42839001,28,19
757,757,42840001,25,22
758,758,42841001,24,22
759,759,42842001,22,24
760,760,42843001,29,14
761,761,42844001,24,15
762,762,42845001,16,24
763,763,42846001,25,18
764,764,42847001,23,13
765,765,42848001,16,17
766,766,42849001,19,22
767,767,42850001,-3,57
768,768,42851001,26,15
769,769,42852001,17,22
770,770,42853001,22,14
771,771,42854001,21,17
772,772,42855001,15,27
773,773,42856001,20,28
774,774,42857001,24,19
775,775,42858001,26,3
776,776,42859001,23,26
777,777,42860001,28,6
778,778,42861001,18,34
779,779,42863001,17,26
780,780,42864001,14,28
781,781,42865001,15,24
782,782,42866001,18,17
783,783,42867001,17,18
784,784,42868001,21,22
785,785,42869001,26,22
786,786,42870001,26,7
787,787,42871001,17,26
788,788,42872001,21,18
789,789,42873001,6,31
790,790,42874001,15,27
791,791,42875001,16,22
792,792,42876001,15,15
793,793,42877001,19,28
794,794,42878001,20,17
795,795,42879001,21,21
796,796,42880001,22,19
797,797,42881001,20,21
798,798,42882001,21,27
799,799,42883001,25,15
800,800,42884001,20,28
801,801,42885001,18,28
802,802,42886001,10,34
803,803,42887001,22,18
804,804,42888001,16,23
805,805,42889001,20,17
806,806,42890001,17,21
807,807,42891001,8,36
808,808,42892001,15,28
809,809,42893001,20,21
810,810,42894001,25,28
811,811,42895001,28,14
812,812,42896001,22,25
813,813,42897001,7,35
814,814,42898001,24,24
815,815,42899001,10,40
816,816,42900001,12,31
817,817,42901001,22,16
818,818,42902001,22,20
819,819,42903001,23,24
820,820,42904001,15,36
821,821,42905001,19,40
822,822,42906001,17,34
823,823,42907001,25,15
824,824,42908001,15,20
825,825,42909001,17,15
826,826,42910001,20,21
827,827,42911001,14,26
828,828,42912001,25,17
829,829,42913001,12,31
830,830,42914001,7,38
831,831,42915001,12,37
832,832,42916001,17,21
833,833,42917001,17,23
834,834,42918001,22,23
835,835,42919001,14,22
836,836,42920001,13,22
837,837,42921001,6,40
838,838,42922001,11,26
839,839,42923001,23,29
840,840,42924001,21,13
841,841,42925001,11,34
842,842,42926001,17,22
843,843,42927001,23,24
844,844,42928001,19,17
845,845,42929001,27,8
846,846,42930001,11,33
847,847,42931001,13,25
848,848,42932001,24,26
849,849,42933001,15,21
850,850,42934001,17,20
851,851,42935001,19,20
852,852,42936001,25,20
853,853,42937001,21,13
854,854,42938001,20,34
855,855,42939001,21,22
856,856,42940001,21,18
857,857,42941001,17,23
858,858,42942001,17,43
859,859,42943001,28,20
860,860,42944001,19,13
861,861,42945001,27,20
862,862,42946001,17,27
863,863,42947001,21,17
864,864,42948001,21,15
865,865,42949001,18,20
866,866,42950001,16,28
867,867,42951001,20,22
868,868,42952001,17,26
869,869,42953001,24,19
870,870,42954001,21,17
871,871,42955001,14,26
872,872,42956001,24,15
873,873,42957001,19,18
874,874,42958001,23,17
875,875,42959001,15,19
876,876,42960001,25,21
877,877,42961001,21,28
878,878,42962001,18,26
879,879,42963001,12,29
880,880,42964001,20,19
881,881,42965001,19,24
882,882,42966001,17,16
883,883,42967001,15,24
884,884,42968001,20,25
885,885,42969001,22,17
886,886,42970001,24,24
887,887,42971001,14,25
888,888,42972001,24,19
889,889,42973001,22,21
890,890,42974001,25,14
891,891,42975001,22,16
892,892,42976001,26,14
893,893,42977001,20,29
894,894,42978001,9,33
895,895,42979001,13,23
896,896,42980001,28,19
897,897,42981001,24,26
898,898,42982001,20,22
899,899,42983001,17,21
900,900,42984001,16,22
901,901,42985001,23,17
902,902,42986001,18,22
903,903,42987001,26,28
904,904,42988001,16,34
905,905,42989001,18,22
906,906,42990001,27,23
907,907,42991001,28,16
908,908,42992001,21,25
909,909,42993001,22,22
910,910,42994001,24,25
911,911,42995001,24,14
912,912,42996001,8,31
913,913,42997001,20,26
914,914,42998001,26,18
915,915,42999001,22,16
916,916,43000001,13,27
917,917,43001001,18,22
918,918,43002001,20,19
919,919,43003001,20,20
920,920,43004001,19,14
921,921,43005001,20,24
922,922,43006001,11,36
923,923,43007001,21,23
924,924,43008001,14,30
925,925,43009001,35,3
926,926,43010001,31,7
927,927,43011001,31,7
928,928,43012001,29,7
929,929,43013001,27,9
930,930,43014001,28,9
931,931,43015001,30,12
932,932,43016001,34,4
933,933,43017001,33,6
934,934,43018001,24,8
935,935,43019001,26,5
936,936,43020001,25,12
937,937,43021001,25,14
938,938,43022001,31,12
939,939,43023001,31,10
940,940,43024001,30,10
941,941,43025001,27,7
942,942,43026001,25,12
943,943,43027001,35,6
944,944,43028001,31,4
945,945,43029001,31,10
946,946,43030001,31,5
947,947,43031001,30,6
948,948,43032001,30,13
949,949,43033001,35,4
950,950,43034001,24,10
951,951,43035001,33,11
952,952,43036001,32,13
953,953,43037001,27,9
954,954,43038001,30,14
955,955,43039001,26,8
956,956,43040001,28,5
957,957,43041001,29,3
958,958,43042001,31,11
959,959,43043001,25,19
960,960,43044001,16,32
961,961,43045001,22,16
962,962,43046001,13,30
963,963,43047001,27,17
964,964,43048001,16,29
965,965,43049001,22,19
966,966,43050001,22,23
967,967,43051001,7,47
968,968,43052001,24,25
969,969,43053001,26,23
970,970,43054001,24,18
971,971,43055001,15,42
972,972,43056001,22,22
973,973,43057001,16,17
974,974,43058001,23,15
975,975,43059001,16,21
976,976,43060001,17,34
977,977,43061001,28,13
978,978,43062001,18,19
979,979,43063001,25,16
980,980,43064001,19,22
981,981,43065001,20,31
982,982,43066001,5,41
983,983,43067001,23,6
984,984,43068001,18,24
985,985,43071001,29,11
986,986,43072001,16,23
987,987,43073001,17,25
988,988,43074001,21,16
989,989,43075001,24,13
990,990,43076001,13,30
991,991,43077001,21,15
992,992,43078001,24,18
993,993,43079001,19,20
994,994,43080001,20,25
995,995,43081001,20,23
996,996,43082001,26,17
997,997,43083001,25,16
998,998,43084001,17,17
999,999,43085001,15,22
1000,1000,43086001,23,23
1001,1001,43087001,19,21
1002,1002,43088001,22,22
1003,1003,43089001,29,5
1004,1004,43090001,22,11
1005,1005,43091001,24,24
1006,1006,43092001,13,30
1007,1007,43093001,21,16
1008,1008,43094001,24,24
1009,1009,43095001,15,21
1010,1010,43096001,20,21
1011,1011,43097001,23,19
1012,1012,43098001,20,30
1013,1013,43099001,14,28
1014,1014,43100001,13,23
1015,1015,43101001,18,19
1016,1016,43102001,17,28
1017,1017,43103001,19,27
1018,1018,43104001,13,24
1019,1019,43105001,18,39
1020,1020,43106001,19,27
1021,1021,43107001,15,23
1022,1022,43108001,23,16
1023,1023,43109001,13,28
1024,1024,43110001,16,28
1025,1025,43111001,15,25
1026,1026,43112001,13,32
1027,1027,43113001,20,16
1028,1028,43114001,23,22
1029,1029,43115001,15,20
1030,1030,43116001,22,19
1031,1031,43117001,28,21
1032,1032,43118001,28,11
1033,1033,43119001,27,18
1034,1034,43120001,19,19
1035,1035,43121001,22,18
1036,1036,43122001,18,22
1037,1037,43123001,13,29
1038,1038,43124001,9,27
1039,1039,43125001,14,31
1040,1040,43126001,18,23
1041,1041,43127001,25,21
1042,1042,43128001,23,15
1043,1043,43129001,25,15
1044,1044,43130001,28,19
1045,1045,43131001,16,23
1046,1046,43132001,19,24
1047,1047,43133001,19,19
1048,1048,43134001,17,31
1049,1049,43135001,22,17
1050,1050,43136001,15,30
1051,1051,43137001,10,33
1052,1052,43138001,8,37
1053,1053,43139001,19,22
1054,1054,43140001,23,14
1055,1055,43141001,7,40
1056,1056,43142001,24,12
1057,1057,43143001,22,22
1058,1058,43144001,22,22
1059,1059,43145001,14,33
1060,1060,43146001,18,29
1061,1061,43147001,20,24
1062,1062,43148001,16,37
1063,1063,43149001,10,38
1064,1064,43150001,24,20
1065,1065,43151001,20,23
1066,1066,43152001,12,25
1067,1067,43153001,26,21
1068,1068,43154001,13,22
1069,1069,43155001,15,27
1070,1070,43156001,19,32
1071,1071,43157001,16,34
1072,1072,43158001,14,24
1073,1073,43159001,15,20
1074,1074,43160001,18,22
1075,1075,43161001,17,25
1076,1076,43162001,25,6
1077,1077,43163001,10,29
1078,1078,43164001,17,21
1079,1079,43165001,22,20
1080,1080,43166001,17,19
1081,1081,43167001,17,27
1082,1082,43168001,23,7
1083,1083,43169001,24,21
1084,1084,43170001,21,24
1085,1085,43171001,20,27
1086,1086,43172001,23,19
1087,1087,43173001,28,16
1088,1088,43174001,12,23
1089,1089,43175001,10,33
1090,1090,43176001,22,14
1091,1091,43177001,19,18
1092,1092,43178001,14,23
1093,1093,43179001,17,25
1094,1094,43180001,20,24
1095,1095,43181001,13,27
1096,1096,43182001,17,24
1097,1097,43183001,18,24
1098,1098,43184001,22,19
1099,1099,43185001,19,24
1100,1100,43186001,17,24
1101,1101,43187001,17,25
1102,1102,43188001,16,38
1103,1103,43189001,16,32
1104,1104,43190001,17,20
1105,1105,43191001,23,12
1106,1106,43192001,20,14
1107,1107,43193001,25,15
1108,1108,43194001,32,6
1109,1109,43195001,18,29
1110,1110,43196001,23,14
1111,1111,43197001,18,23
1112,1112,43198001,21,20
1113,1113,43199001,27,16
1114,1114,43200001,31,8
1115,1115,43201001,26,20
1116,1116,43202001,20,18
1117,1117,43203001,26,17
1118,1118,43204001,15,35
1119,1119,43205001,21,21
1120,1120,43206001,17,20
1121,1121,43207001,16,23
1122,1122,43208001,27,20
1123,1123,43209001,25,10
1124,1124,43210001,31,13
1125,1125,43211001,26,6
1126,1126,43212001,25,8
1127,1127,43213001,32,11
1128,1128,43214001,32,2
1129,1129,43215001,33,8
1130,1130,43216001,28,8
1131,1131,43217001,30,13
1132,1132,43218001,29,11
1133,1133,43219001,19,14
1134,1134,43220001,18,23
1135,1135,43221001,13,25
1136,1136,43222001,23,13
1137,1137,43223001,13,29
1138,1138,43224001,23,18
1139,1139,43225001,23,15
1140,1140,43226001,31,16
1141,1141,43227001,25,22
1142,1142,43228001,23,15
1143,1143,43229001,20,25
1144,1144,43230001,25,16
1145,1145,43231001,9,37
1146,1146,43232001,21,28
1147,1147,43233001,22,18
1148,1148,43234001,30,10
1149,1149,43235001,23,27
1150,1150,43236001,21,23
1151,1151,43237001,17,26
1152,1152,43238001,16,29
1153,1153,43239001,22,30
1154,1154,43240001,11,31
1155,1155,43241001,19,16
1156,1156,43242001,15,34
1157,1157,43243001,20,18
1158,1158,43244001,8,38
1159,1159,43245001,22,18
1160,1160,43246001,23,15
1161,1161,43247001,19,27
1162,1162,43248001,13,26
1163,1163,43249001,19,23
1164,1164,43250001,13,18
1165,1165,43251001,18,20
1166,1166,43252001,23,23
1167,1167,43253001,36,6
1168,1168,43254001,28,15
1169,1169,43255001,25,7
1170,1170,43256001,30,12
1171,1171,43257001,26,6
1172,1172,43258001,34,5
1173,1173,43259001,25,7
1174,1174,43260001,26,8
1175,1175,43261001,33,11
1176,1176,43262001,29,4
1177,1177,43263001,23,5
1178,1178,43264001,29,0
1179,1179,43265001,35,8
1180,1180,43266001,26,9
1181,1181,43267001,30,5
1182,1182,43268001,34,3
1183,1183,43269001,25,8
1184,1184,43270001,27,11
1185,1185,43271001,35,9
1186,1186,43272001,30,6
1187,1187,43273001,32,11
1188,1188,43274001,32,4
1189,1189,43275001,26,14
1190,1190,43276001,26,11
1191,1191,43277001,31,4
1192,1192,43278001,27,7
1193,1193,43279001,27,9
1194,1194,43280001,24,12
1195,1195,43281001,24,10
1196,1196,43282001,26,6
1197,1197,43283001,29,8
1198,1198,43284001,31,7
1199,1199,43285001,29,13
1200,1200,43286001,29,11
1201,1201,43287001,25,5
1202,1202,43288001,21,9
1203,1203,43289001,30,5
1204,1204,43290001,30,16
1205,1205,43291001,27,5
1206,1206,43292001,26,6
1207,1207,43293001,30,8
1208,1208,43294001,29,14
1209,1209,43295001,25,8
1210,1210,43296001,30,6
1211,1211,43297001,33,1
1212,1212,43298001,28,12
1213,1213,43299001,32,11
1214,1214,43300001,27,10
1215,1215,43301001,30,8
1216,1216,43302001,36,6
1217,1217,43303001,35,8
1218,1218,43304001,27,13
1219,1219,43305001,24,12
1220,1220,43306001,27,8
1221,1221,43307001,37,1
1222,1222,43308001,26,6
1223,1223,43309001,29,6
1224,1224,43310001,28,5
1225,1225,43311001,29,8
1226,1226,43312001,31,6
1227,1227,43313001,28,4
1228,1228,43314001,32,10
1229,1229,43315001,22,15
1230,1230,43316001,28,14
1231,1231,43317001,29,4
1232,1232,43318001,34,10
1233,1233,43319001,28,9
1234,1234,43320001,32,5
1235,1235,43321001,32,8
1236,1236,43322001,30,5
1237,1237,43323001,30,15
1238,1238,43324001,30,9
1239,1239,43325001,26,7
1240,1240,43326001,28,9
1241,1241,43327001,32,5
1242,1242,43328001,30,9
1243,1243,43329001,31,5
1244,1244,43330001,31,2
1245,1245,43331001,29,16
1246,1246,43332001,25,11
1247,1247,43333001,31,12
1248,1248,43334001,26,16
1249,1249,43335001,38,2
1250,1250,43336001,29,8
1251,1251,43337001,32,4
1252,1252,43338001,24,12
1253,1253,43339001,31,8
1254,1254,43340001,28,16
1255,1255,43341001,26,12
1256,1256,43342001,26,6
1257,1257,43343001,30,17
1258,1258,43344001,23,16
1259,1259,43345001,29,0
1260,1260,43346001,26,7
1261,1261,43347001,29,11
1262,1262,43348001,22,12
1263,1263,43349001,27,11
1264,1264,43350001,32,7
1265,1265,43351001,33,8
1266,1266,43352001,24,7
1267,1267,43353001,27,11
1268,1268,43354001,25,15
1269,1269,43355001,23,17
1270,1270,43356001,31,5
1271,1271,43357001,30,8
1272,1272,43358001,30,5
1273,1273,43359001,27,3
1274,1274,43360001,29,6
1275,1275,43361001,28,16
1276,1276,43362001,29,14
1277,1277,43363001,26,6
1278,1278,43364001,31,11
1279,1279,43365001,33,6
1280,1280,43366001,29,8
1281,1281,43367001,25,7
1282,1282,43368001,33,11
1283,1283,43369001,32,11
1284,1284,43370001,26,7
1285,1285,43371001,29,12
1286,1286,43372001,29,12
1287,1287,43373001,23,17
1288,1288,43374001,24,9
1289,1289,43375001,29,20
1290,1290,43376001,28,8
1291,1291,43377001,34,2
1292,1292,43378001,28,9
1293,1293,43379001,34,5
1294,1294,43380001,29,10
1295,1295,43381001,29,9
1296,1296,43382001,14,20
1297,1297,43383001,13,18
1298,1298,43384001,23,14
1299,1299,43385001,23,21
1300,1300,43386001,15,21
1301,1301,43387001,21,27
1302,1302,43388001,21,22
1303,1303,43389001,18,17
1304,1304,43390001,8,34
1305,1305,43391001,25,21
1306,1306,43392001,18,29
1307,1307,43393001,17,27
1308,1308,43394001,21,21
1309,1309,43395001,15,31
1310,1310,43396001,12,27
1311,1311,43397001,22,31
1312,1312,43398001,15,32
1313,1313,43399001,17,29
1314,1314,43400001,18,21
1315,1315,43401001,15,23
1316,1316,43402001,12,40
1317,1317,43403001,9,29
1318,1318,43404001,17,22
1319,1319,43405001,20,26
1320,1320,43406001,18,17
1321,1321,43407001,17,21
1322,1322,43408001,11,33
1323,1323,43409001,23,26
1324,1324,43410001,25,19
1325,1325,43411001,20,22
1326,1326,43412001,19,18
1327,1327,43413001,26,11
1328,1328,43414001,19,14
1329,1329,43415001,16,29
1330,1330,43416001,15,21
1331,1331,43417001,18,29
1332,1332,43418001,22,14
1333,1333,43419001,11,40
1334,1334,43420001,30,9
1335,1335,43421001,26,20
1336,1336,43422001,18,26
1337,1337,43423001,13,28
1338,1338,43424001,28,20
1339,1339,43425001,21,24
1340,1340,43426001,18,18
1341,1341,43427001,18,31
1342,1342,43428001,16,22
1343,1343,43429001,21,26
1344,1344,43430001,18,24
1345,1345,43431001,20,26
1346,1346,43432001,19,26
1347,1347,43433001,18,22
1348,1348,43434001,16,26
1349,1349,43435001,28,16
1350,1350,43436001,21,37
1351,1351,43437001,21,20
1352,1352,43438001,20,22
1353,1353,43439001,26,21
1354,1354,43440001,15,25
1355,1355,43441001,24,19
1356,1356,43442001,22,28
1357,1357,43443001,15,20
1358,1358,43444001,21,18
1359,1359,43445001,19,23
1360,1360,43446001,18,17
1361,1361,43447001,20,28
1362,1362,43448001,27,21
1363,1363,43449001,19,23
1364,1364,43450001,17,19
1365,1365,43451001,17,22
1366,1366,43452001,20,23
1367,1367,43453001,19,23
1368,1368,43454001,14,28
1369,1369,43455001,16,30
1370,1370,43456001,24,22
1371,1371,43457001,24,14
1372,1372,43458001,14,31
1373,1373,43459001,25,21
1374,1374,43460001,15,18
1375,1375,43461001,23,22
1376,1376,43462001,18,26
1377,1377,43463001,26,10
1378,1378,43464001,17,19
1379,1379,43465001,25,15
1380,1380,43466001,24,27
1381,1381,43467001,23,12
1382,1382,43468001,25,22
1383,1383,43469001,21,11
1384,1384,43470001,19,25
1385,1385,43471001,15,28
1386,1386,43472001,18,23
1387,1387,43473001,27,20
1388,1388,43474001,9,39
1389,1389,43475001,20,21
1390,1390,43476001,16,22
1391,1391,43477001,20,20
1392,1392,43478001,25,18
1393,1393,43479001,22,19
1394,1394,43480001,20,19
1395,1395,43481001,19,29
1396,1396,43482001,21,19
1397,1397,43483001,11,36
1398,1398,43484001,18,18
1399,1399,43485001,19,23
1400,1400,43486001,19,26
1401,1401,43487001,20,24
1402,1402,43488001,28,10
1403,1403,43489001,25,24
1404,1404,43490001,21,18
1405,1405,43491001,13,23
1406,1406,43492001,20,29
1407,1407,43493001,23,28
1408,1408,43494001,27,15
1409,1409,43495001,20,29
1410,1410,43496001,23,13
1411,1411,43497001,21,21
1412,1412,43498001,20,20
1413,1413,43499001,14,32
1414,1414,43500001,20,20
1415,1415,43501001,11,40
1416,1416,43502001,28,18
1417,1417,43503001,21,29
1418,1418,43504001,24,25
1419,1419,43505001,14,27
1420,1420,43506001,13,36
1421,1421,43507001,18,17
1422,1422,43508001,15,32
1423,1423,43509001,20,26
1424,1424,43510001,22,27
1425,1425,43511001,17,23
1426,1426,43512001,17,27
1427,1427,43513001,18,26
1428,1428,43514001,17,27
1429,1429,43515001,25,18
1430,1430,43516001,19,36
1431,1431,43517001,19,15
1432,1432,43518001,18,22
1433,1433,43519001,26,22
1434,1434,43520001,23,10
1435,1435,43521001,20,22
1436,1436,43522001,23,16
1437,1437,43523001,11,36
1438,1438,43524001,20,19
1439,1439,43525001,20,21
1440,1440,43526001,-11,59
1441,1441,43527001,-2,70
1442,1442,43528001,9,40
1443,1443,43529001,8,36
1444,1444,43530001,16,21
1445,1445,43531001,11,35
1446,1446,43532001,25,14
1447,1447,43533001,18,26
1448,1448,43534001,19,30
1449,1449,43535001,22,29
1450,1450,43536001,24,18
1451,1451,43537001,20,27
1452,1452,43538001,25,18
1453,1453,43539001,15,23
1454,1454,43540001,12,39
1455,1455,43541001,19,20
1456,1456,43542001,22,17
1457,1457,43543001,24,11
1458,1458,43544001,16,24
1459,1459,43545001,14,29
1460,1460,43546001,18,30
1461,1461,43547001,24,20
1462,1462,43548001,22,15
1463,1463,43549001,10,34
1464,1464,43550001,21,21
1465,1465,43551001,25,20
1466,1466,43552001,24,10
1467,1467,43553001,16,26
1468,1468,43554001,18,27
1469,1469,43555001,12,34
1470,1470,43556001,22,23
1471,1471,43557001,13,30
1472,1472,43558001,14,24
1473,1473,43559001,16,22
1474,1474,43560001,11,28
1475,1475,43561001,14,26
1476,1476,43562001,15,24
1477,1477,43563001,25,15
1478,1478,43564001,18,22
1479,1479,43565001,20,28
1480,1480,43566001,13,32
1481,1481,43567001,23,14
1482,1482,43568001,24,15
1483,1483,43569001,16,23
1484,1484,43570001,24,18
1485,1485,43571001,20,23
1486,1486,43572001,22,21
1487,1487,43573001,21,30
1488,1488,43574001,11,27
1489,1489,43575001,26,19
1490,1490,43576001,22,19
1491,1491,43577001,12,25
1492,1492,43578001,16,24
1493,1493,43579001,21,15
1494,1494,43580001,23,14
1495,1495,43581001,15,38
1496,1496,43582001,24,13
1497,1497,43583001,24,14
1498,1498,43584001,25,22
1499,1499,43585001,17,24
1500,1500,43586001,16,15
1501,1501,43587001,19,23
1502,1502,43588001,21,16
1503,1503,43589001,21,23
1504,1504,43590001,20,16
1505,1505,43591001,18,12
1506,1506,43592001,18,22
1507,1507,43593001,30,14
1508,1508,43594001,15,31
1509,1509,43595001,25,13
1510,1510,43596001,12,42
1511,1511,43597001,18,14
1512,1512,43598001,17,23
1513,1513,43599001,18,16
1514,1514,43600001,20,21
1515,1515,43601001,20,19
1516,1516,43602001,20,26
1517,1517,43603001,21,19
1518,1518,43604001,19,26
1519,1519,43605001,21,23
1520,1520,43606001,16,30
1521,1521,43607001,27,16
1522,1522,43608001,22,17
1523,1523,43609001,28,17
1524,1524,43610001,15,34
1525,1525,43611001,21,26
1526,1526,43612001,23,14
1527,1527,43613001,18,26
1528,1528,43614001,24,20
1529,1529,43615001,15,24
1530,1530,43616001,15,22
1531,1531,43617001,18,27
1532,1532,43618001,22,22
1533,1533,43619001,22,15
1534,1534,43620001,16,42
1535,1535,43621001,20,36
1536,1536,43622001,16,30
1537,1537,43623001,20,24
1538,1538,43624001,22,16
1539,1539,43625001,19,19
1540,1540,43626001,19,22
1541,1541,43627001,26,17
1542,1542,43628001,25,16
1543,1543,43629001,14,33
1544,1544,43630001,21,12
1545,1545,43631001,18,28
1546,1546,43632001,23,27
1547,1547,43633001,11,40
1548,1548,43634001,21,25
1549,1549,43635001,26,11
1550,1550,43636001,20,23
1551,1551,43637001,22,9
1552,1552,43638001,13,27
1553,1553,43639001,26,17
1554,1554,43640001,24,12
1555,1555,43641001,15,28
1556,1556,43642001,19,21
1557,1557,43643001,25,22
1558,1558,43644001,21,18
1559,1559,43645001,13,26
1560,1560,43646001,17,22
1561,1561,43647001,16,21
1562,1562,43648001,19,23
1563,1563,43649001,28,13
1564,1564,43650001,20,22
1565,1565,43651001,15,26
1566,1566,43652001,12,29
1567,1567,43653001,22,20
1568,1568,43654001,25,24
1569,1569,43655001,24,23
1570,1570,43656001,16,24
1571,1571,43657001,26,19
1572,1572,43658001,17,30
1573,1573,43659001,21,24
1574,1574,43660001,23,23
1575,1575,43661001,1,46
1576,1576,43662001,16,24
1577,1577,43663001,26,19
1578,1578,43664001,10,30
1579,1579,43665001,23,12
1580,1580,43666001,30,10
1581,1581,43667001,19,24
1582,1582,43668001,16,27
1583,1583,43669001,20,18
1584,1584,43670001,24,14
1585,1585,43671001,22,10
1586,1586,43672001,25,19
1587,1587,43673001,25,25
1588,1588,43674001,18,18
1589,1589,43675001,22,17
1590,1590,43676001,18,25
1591,1591,43677001,19,30
1592,1592,43678001,16,33
1593,1593,43679001,23,18
1594,1594,43680001,18,26
1595,1595,43681001,20,16
1596,1596,43682001,14,21
1597,1597,43683001,17,27
1598,1598,43684001,25,13
1599,1599,43685001,19,31
1600,1600,43686001,16,25
1601,1601,43687001,17,26
1602,1602,43688001,15,37
1603,1603,43689001,14,33
1604,1604,43690001,20,31
1605,1605,43691001,26,20
1606,1606,43692001,16,19
1607,1607,43693001,17,23
1608,1608,43694001,26,20
1609,1609,43695001,22,14
1610,1610,43696001,25,19
1611,1611,43697001,23,8
1612,1612,43698001,23,12
1613,1613,43699001,26,20
1614,1614,43700001,23,22
1615,1615,43701001,12,31
1616,1616,43702001,27,18
1617,1617,43703001,17,29
1618,1618,43704001,22,21
1619,1619,43705001,20,9
1620,1620,43706001,19,18
1621,1621,43707001,13,24
1622,1622,43708001,22,21
1623,1623,43709001,20,22
1624,1624,43710001,17,21
1625,1625,43711001,21,22
1626,1626,43712001,23,30
1627,1627,43713001,13,30
1628,1628,43714001,21,17
1629,1629,43715001,16,33
1630,1630,43716001,24,16
1631,1631,43717001,26,20
1632,1632,43718001,21,25
1633,1633,43719001,28,16
1634,1634,43720001,24,19
1635,1635,43721001,28,15
1636,1636,43722001,14,29
1637,1637,43723001,21,24
1638,1638,43724001,18,23
1639,1639,43725001,23,19
1640,1640,43726001,18,23
1641,1641,43727001,27,15
1642,1642,43728001,11,30
1643,1643,43729001,8,43
1644,1644,43730001,26,16
1645,1645,43731001,21,24
1646,1646,43732001,22,30
1647,1647,43733001,23,9
1648,1648,43734001,17,18
1649,1649,43735001,23,19
1650,1650,43736001,16,26
1651,1651,43737001,19,20
1652,1652,43738001,25,23
1653,1653,43739001,25,25
1654,1654,43740001,25,21
1655,1655,43741001,26,12
1656,1656,43742001,19,19
1657,1657,43743001,23,24
1658,1658,43744001,19,22
1659,1659,43745001,17,27
1660,1660,43746001,23,21
1661,1661,43747001,22,11
1662,1662,43748001,23,21
1663,1663,43749001,21,24
1664,1664,43750001,20,19
1665,1665,43751001,24,14
1666,1666,43752001,17,37
1667,1667,43753001,20,31
1668,1668,43754001,13,32
1669,1669,43755001,25,18
1670,1670,43756001,23,23
1671,1671,43757001,17,29
1672,1672,43758001,20,21
1673,1673,43759001,22,25
1674,1674,43760001,19,34
1675,1675,43761001,24,18
1676,1676,43762001,27,18
1677,1677,43763001,13,24
1678,1678,43764001,20,18
1679,1679,43765001,22,18
1680,1680,43766001,22,29
1681,1681,43767001,33,10
1682,1682,43768001,20,30
1683,1683,43769001,21,26
1684,1684,43770001,27,18
1685,1685,43771001,24,18
1686,1686,43772001,22,25
1687,1687,43773001,28,14
1688,1688,43774001,23,23
1689,1689,43775001,19,13
1690,1690,43776001,17,28
1691,1691,43777001,19,17
1692,1692,43778001,16,35
1693,1693,43779001,14,35
1694,1694,43780001,27,11
1695,1695,43781001,14,31
1696,1696,43782001,28,14
1697,1697,43783001,16,32
1698,1698,43784001,21,13
1699,1699,43785001,18,21
1700,1700,43786001,10,25
1701,1701,43787001,24,20
1702,1702,43788001,17,27
1703,1703,43789001,15,19
1704,1704,43790001,18,26
1705,1705,43791001,13,35
1706,1706,43792001,26,23
1707,1707,43793001,26,18
1708,1708,43794001,23,11
1709,1709,43795001,17,29
1710,1710,43796001,24,16
1711,1711,43797001,28,9
1712,1712,43798001,16,30
1713,1713,43799001,12,25
1714,1714,43800001,17,28
1715,1715,43801001,27,16
1716,1716,43802001,21,18
1717,1717,43803001,15,32
1718,1718,43804001,17,30
1719,1719,43805001,15,23
1720,1720,43806001,21,23
1721,1721,43807001,27,17
1722,1722,43808001,15,32
1723,1723,43809001,26,18
1724,1724,43810001,18,28
1725,1725,43811001,16,17
1726,1726,43812001,25,22
1727,1727,43813001,17,24
1728,1728,43814001,19,23
1729,1729,43815001,19,18
1730,1730,43816001,14,38
1731,1731,43817001,14,28
1732,1732,43818001,18,23
1733,1733,43819001,30,10
1734,1734,43820001,18,24
1735,1735,43821001,18,20
1736,1736,43822001,20,17
1737,1737,43823001,21,14
1738,1738,43824001,22,27
1739,1739,43825001,18,21
1740,1740,43826001,21,22
1741,1741,43827001,25,19
1742,1742,43828001,26,7
1743,1743,43829001,13,23
1744,1744,43830001,14,26
1745,1745,43831001,18,14
1746,1746,43832001,25,22
1747,1747,43833001,22,20
1748,1748,43834001,12,29
1749,1749,43835001,23,20
1750,1750,43836001,24,16
1751,1751,43837001,19,19
1752,1752,43838001,20,34
1753,1753,43839001,24,25
1754,1754,43840001,21,17
1755,1755,43841001,22,19
1756,1756,43842001,19,15
1757,1757,43843001,27,16
1758,1758,43844001,22,15
1759,1759,43845001,25,14
1760,1760,43846001,10,32
1761,1761,43847001,11,30
1762,1762,43848001,16,29
1763,1763,43849001,18,23
1764,1764,43850001,23,17
1765,1765,43851001,22,10
1766,1766,43852001,18,34
1767,1767,43853001,29,15
1768,1768,43854001,22,24
1769,1769,43855001,22,14
1770,1770,43856001,25,21
1771,1771,43857001,14,31
1772,1772,43858001,27,18
1773,1773,43859001,27,21
1774,1774,43860001,17,20
1775,1775,43861001,12,26
1776,1776,43862001,24,18
1777,1777,43863001,22,20
1778,1778,43864001,17,16
1779,1779,43865001,19,17
1780,1780,43866001,18,21
1781,1781,43867001,21,19
1782,1782,43868001,26,15
1783,1783,43869001,16,20
1784,1784,43870001,19,32
1785,1785,43871001,19,28
1786,1786,43872001,20,20
1787,1787,43873001,16,19
1788,1788,43874001,12,30
1789,1789,43875001,22,27
1790,1790,43876001,20,30
1791,1791,43877001,20,22
1792,1792,43878001,19,34
1793,1793,43879001,22,17
1794,1794,43880001,16,27
1795,1795,43881001,17,32
1796,1796,43882001,19,22
1797,1797,43883001,12,31
1798,1798,43884001,18,30
1799,1799,43885001,27,17
1800,1800,43886001,17,29
1801,1801,43887001,17,32
1802,1802,43888001,13,34
1803,1803,43889001,14,26
1804,1804,43890001,16,28
1805,1805,43891001,15,22
1806,1806,43892001,16,24
1807,1807,43893001,17,26
1808,1808,43894001,21,21
1809,1809,43895001,19,20
1810,1810,43896001,25,18
1811,1811,43897001,15,22
1812,1812,43898001,19,22
1813,1813,43899001,17,25
1814,1814,43900001,10,25
1815,1815,43901001,22,21
1816,1816,43902001,20,22
1817,1817,43903001,12,26
1818,1818,43904001,29,7
1819,1819,43905001,22,17
1820,1820,43906001,19,23
1821,1821,43907001,19,29
1822,1822,43908001,25,18
1823,1823,43909001,11,28
1824,1824,43910001,14,27
1825,1825,43911001,24,9
1826,1826,43912001,19,18
1827,1827,43913001,20,26
1828,1828,43914001,23,12
1829,1829,43915001,8,30
1830,1830,43916001,19,19
1831,1831,43917001,19,31
1832,1832,43918001,14,21
1833,1833,43919001,14,31
1834,1834,43920001,19,21
1835,1835,43921001,22,27
1836,1836,43922001,22,25
1837,1837,43923001,19,23
1838,1838,43924001,18,28
1839,1839,43925001,18,28
1840,1840,43926001,23,21
1841,1841,43927001,32,7
1842,1842,43928001,21,20
1843,1843,43929001,24,26
1844,1844,43930001,13,23
1845,1845,43931001,22,15
1846,1846,43932001,15,26
1847,1847,43933001,31,11
1848,1848,43934001,13,32
1849,1849,43935001,14,35
1850,1850,43936001,16,17
1851,1851,43937001,18,27
1852,1852,43938001,6,35
1853,1853,43939001,11,28
1854,1854,43940001,23,22
1855,1855,43941001,19,27
1856,1856,43942001,17,17
1857,1857,43943001,16,18
1858,1858,43944001,18,28
1859,1859,43945001,19,16
1860,1860,43946001,16,34
1861,1861,43947001,23,14
1862,1862,43948001,17,21
1863,1863,43949001,15,27
1864,1864,43950001,16,24
1865,1865,43951001,24,14
1866,1866,43952001,17,16
1867,1867,43953001,23,17
1868,1868,43954001,16,23
1869,1869,43955001,23,25
1870,1870,43956001,26,16
1871,1871,43957001,12,28
1872,1872,43958001,18,20
1873,1873,43959001,17,23
1874,1874,43960001,25,13
1875,1875,43961001,18,20
1876,1876,43962001,18,23
1877,1877,43963001,25,13
1878,1878,43964001,22,24
1879,1879,43965001,22,12
1880,1880,43966001,14,35
1881,1881,43967001,17,21
1882,1882,43968001,25,12
1883,1883,43969001,16,34
1884,1884,43970001,21,26
1885,1885,43971001,17,30
1886,1886,43972001,18,32
1887,1887,43973001,22,27
1888,1888,43974001,21,18
1889,1889,43975001,16,26
1890,1890,43976001,23,21
1891,1891,43977001,13,27
1892,1892,43978001,23,11
1893,1893,43979001,24,18
1894,1894,43980001,16,24
1895,1895,43981001,21,20
1896,1896,43982001,16,18
1897,1897,43983001,13,35
1898,1898,43984001,26,12
1899,1899,43985001,18,16
1900,1900,43986001,24,13
1901,1901,43987001,19,33
1902,1902,43988001,21,18
1903,1903,43989001,12,23
1904,1904,43990001,25,18
1905,1905,43991001,26,11
1906,1906,43992001,20,28
1907,1907,43993001,21,18
1908,1908,43994001,17,31
1909,1909,43995001,25,22
1910,1910,43996001,15,28
1911,1911,43997001,28,7
1912,1912,43998001,23,25
1913,1913,43999001,19,21
1914,1914,44000001,20,19
1915,1915,44001001,22,16
1916,1916,44002001,20,22
1917,1917,44003001,23,24
1918,1918,44004001,17,15
1919,1919,44005001,27,13
1920,1920,44006001,29,16
1921,1921,44007001,20,18
1922,1922,44008001,19,32
1923,1923,44009001,16,16
1924,1924,44010001,22,22
1925,1925,44011001,18,22
1926,1926,44012001,14,28
1927,1927,44013001,17,21
1928,1928,44014001,29,9
1929,1929,44015001,30,8
1930,1930,44016001,25,8
1931,1931,44017001,31,5
1932,1932,44018001,34,3
1933,1933,44019001,33,8
1934,1934,44020001,25,12
1935,1935,44021001,23,10
1936,1936,44022001,26,7
1937,1937,44023001,30,15
1938,1938,44024001,26,14
1939,1939,44025001,33,12
1940,1940,44026001,29,12
1941,1941,44027001,25,6
1942,1942,44028001,27,4
1943,1943,44029001,31,12
1944,1944,44030001,31,9
1945,1945,44031001,34,5
1946,1946,44032001,32,4
1947,1947,44033001,23,14
1948,1948,44034001,32,7
1949,1949,44035001,30,6
1950,1950,44036001,27,13
1951,1951,44037001,26,10
1952,1952,44038001,29,12
1953,1953,44039001,29,18
1954,1954,44040001,24,8
1955,1955,44041001,21,11
1956,1956,44042001,22,13
1957,1957,44043001,29,9
1958,1958,44044001,29,11
1959,1959,44045001,35,4
1960,1960,44046001,26,15
1961,1961,44047001,30,4
1962,1962,44048001,19,28
1963,1963,44049001,30,13
1964,1964,44050001,28,19
1965,1965,44051001,20,14
1966,1966,44052001,28,14
1967,1967,44053001,20,20
1968,1968,44054001,20,13
1969,1969,44055001,12,33
1970,1970,44056001,20,27
1971,1971,44057001,32,7
1972,1972,44058001,21,18
1973,1973,44059001,17,32
1974,1974,44060001,14,21
1975,1975,44061001,15,19
1976,1976,44062001,19,29
1977,1977,44063001,16,28
1978,1978,44064001,19,17
1979,1979,44065001,17,18
1980,1980,44066001,15,29
1981,1981,44067001,13,28
1982,1982,44068001,22,20
1983,1983,44069001,23,14
1984,1984,44070001,24,13
1985,1985,44071001,24,26
1986,1986,44072001,25,23
1987,1987,44073001,23,28
1988,1988,44074001,19,20
1989,1989,44075001,18,22
1990,1990,44076001,26,21
1991,1991,44077001,20,23
1992,1992,44078001,20,21
1993,1993,44079001,20,20
1994,1994,44080001,23,23
1995,1995,44081001,24,22
1996,1996,44082001,13,24
1997,1997,44083001,17,26
1998,1998,44084001,17,26
1999,1999,44085001,17,20
2000,2000,44086001,18,24
2001,2001,44087001,24,17
2002,2002,44088001,15,27
2003,2003,44089001,21,17
2004,2004,44090001,13,25
2005,2005,44091001,20,32
2006,2006,44092001,28,18
2007,2007,44093001,26,20
2008,2008,44094001,18,25
2009,2009,44095001,13,33
2010,2010,44096001,14,24
2011,2011,44097001,18,28
2012,2012,44098001,28,12
2013,2013,44099001,23,21
2014,2014,44100001,13,24
2015,2015,44101001,22,17
2016,2016,44102001,20,21
2017,2017,44103001,20,21
2018,2018,44104001,25,27
2019,2019,44105001,20,23
2020,2020,44106001,16,27
2021,2021,44107001,17,33
2022,2022,44108001,19,17
2023,2023,44109001,23,13
2024,2024,44110001,26,17
2025,2025,44111001,23,25
2026,2026,44112001,22,18
2027,2027,44113001,21,24
2028,2028,44114001,18,24
2029,2029,44115001,22,12
2030,2030,44116001,8,34
2031,2031,44117001,14,21
2032,2032,44118001,14,35
2033,2033,44119001,18,21
2034,2034,44120001,19,15
2035,2035,44121001,15,27
2036,2036,44122001,-6,71
2037,2037,44123001,4,45
2038,2038,44124001,-3,48
2039,2039,44125001,-1,45
2040,2040,44126001,20,20
2041,2041,44127001,14,25
2042,2042,44128001,16,27
2043,2043,44129001,19,26
2044,2044,44130001,10,43
2045,2045,44131001,14,30
2046,2046,44132001,18,30
2047,2047,44133001,24,21
2048,2048,44134001,27,13
2049,2049,44135001,12,28
2050,2050,44136001,19,16
2051,2051,44137001,16,24
2052,2052,44138001,20,26
2053,2053,44139001,21,32
2054,2054,44140001,22,24
2055,2055,44141001,16,21
2056,2056,44142001,21,24
2057,2057,44143001,20,23
2058,2058,44144001,14,32
2059,2059,44145001,19,35
2060,2060,44146001,23,10
2061,2061,44147001,18,18
2062,2062,44148001,25,20
2063,2063,44149001,23,26
2064,2064,44150001,24,19
2065,2065,44151001,16,19
2066,2066,44152001,17,34
2067,2067,44153001,25,21
2068,2068,44154001,28,14
2069,2069,44155001,24,10
2070,2070,44156001,25,20
2071,2071,44157001,21,20
2072,2072,44158001,24,17
2073,2073,44159001,23,17
2074,2074,44160001,25,17
